69.638
77.7196
93.2152
90.5525
521.5263
506.2375
474.7863
424.7847
472.4232
325.0278
555.1089
259.7444
567.4998
539.8109
346.3854
433.6799
559.4451
250.6741
292.3188
180.4636
196.4592
288.3275
274.7837
271.2053
240.8829
289.5622
223.146
259.4753
83.1092
94.8205
66.0099
57.8113
337.8502
367.0639
270.5342
332.33
222.579
211.4542
297.6833
145.1264
184.0972
259.361
237.9328
365.44
399.5743
197.8425
338.6616
393.5125
294.3286
326.9929
228.1759
257.9198
382.8498
293.1299
140.3283
255.1921
271.5995
244.4757
243.2897
234.7384
196.8605
318.5597
266.9856
256.9265
301.629
174.7352
329.8314
193.5089
378.7499
291.9022
318.6046
340.6125
389.1039
330.5956
383.3552
284.388
372.4344
179.8286
198.5699
392.2135
399.5613
324.6171
135.0499
167.4633
321.8827
322.456
269.1674
284.2834
227.3648
213.4191
302.0145
404.59
209.1433
135.2904
139.4171
314.586
182.1387
227.4255
279.1146
284.552
206.6657
261.0424
311.8286
167.926
271.8367
186.7055
189.3911
179.1411
252.9838
59.538
55.3302
56.5528
495.7117
608.5257
479.8737
480.8307
307.2433
111.8545
263.943
125.5134
550.1306
126.626
505.8983
143.4167
204.5102
216.8902
116.0603
156.4856
181.3627
322.7598
341.0305
308.2262
328.0157
339.452
411.7291
378.2198
317.9243
335.4936
388.1921
209.4847
361.5549
327.2283
215.5258
266.9035
233.1387
235.2125
298.8699
368.8191
290.658
215.6933
410.0989
172.2768
187.5117
352.9321
319.9266
325.5514
308.4314
415.6047
425.0344
567.2174
424.1608
560.4668
426.8
443.3974
381.351
201.6806
103.6311
132.0174
203.7248
147.9547
156.7117
177.1862
209.4026
371.7869
511.9794
277.1318
605.8407
243.2554
277.1132
251.4087
159.787
509.2589
273.9156
519.8074
427.9443
574.5465
483.5865
389.9505
325.926
570.4088
241.3857
409.4352
387.223
490.2883
461.2699
172.7953
219.7746
140.5992
181.5122
172.9972
215.4811
232.704
119.844
174.1002
108.3741
207.2916
211.4079
102.9706
246.8925
209.7494
115.7699
200.3891
167.6382
153.6011
241.5159
116.7629
146.0403
249.6024
159.4445
325.8215
411.5351
398.7819
229.5748
193.7911
242.8618
267.0968
252.1296
158.6821
191.3489
291.4164
297.3375
196.0889
207.5358
159.8295
131.447
229.5124
190.7353
176.7733
285.1088
176.7501
135.9107
286.9177
222.5565
318.1314
316.8785
149.5125
290.2054
281.9612
159.1111
218.8441
357.0005
288.3331
343.8165
129.6224
204.6915
304.0694
288.2985
268.5394
205.9114
222.81
339.6242
294.8474
189.7208
141.7222
205.6297
285.5999
347.2595
327.9423
188.0261
187.1812
376.6699
197.6858
378.0563
287.9207
161.5404
130.9788
230.0717
234.9433
344.8748
263.1596
245.0586
185.9564
306.6107
314.6943
331.5953
293.4009
156.592
259.4219
379.041
232.3191
256.6658
286.1085
156.9623
158.3959
169.2082
285.1447
273.8713
172.9254
386.8967
273.4004
255.7672
323.4553
214.1349
129.1102
376.1572
212.8473
225.7034
325.594
281.7868
244.9758
244.0966
238.4935
150.9312
196.6024
308.7662
173.6877
191.5464
306.1142
230.9826
272.5522
257.506
132.9961
378.1467
186.2139
184.4067
344.7671
273.0805
157.0209
406.4416
250.4386
189.8739
285.2584
332.1454
146.0213
371.6835
184.2761
299.9027
288.6353
229.5846
156.1187
354.6758
243.1116
227.5999
368.5562
205.6005
129.7346
377.4912
276.5942
145.2516
216.8626
341.2233
157.1145
170.5434
215.3535
191.8714
219.7382
343.6364
199.729
210.2465
182.3712
210.8841
183.5567
180.3282
237.5734
319.3903
218.7678
293.0146
233.5326
296.8774
196.4343
313.3635
256.4084
279.1513
270.8655
181.1681
154.0486
316.4995
249.5594
311.4669
324.7636
267.0021
271.7488
316.0796
252.8477
182.4085
262.5592
216.4373
152.6737
154.9123
168.9779
130.3023
240.0781
270.7334
124.9153
342.9236
311.0556
297.2749
389.4977
172.5168
134.0821
257.8271
244.9458
281.9531
273.1278
196.706
224.6801
388.7048
260.8614
283.9823
218.8751
322.8456
123.4404
394.2161
214.3338
219.7904
292.5972
178.7995
166.2743
375.1662
330.8593
193.2284
330.13
233.2372
309.8868
207.2986
327.8436
316.7279
151.4694
220.0228
281.2561
356.4404
335.9875
286.4475
231.4134
317.4776
207.1626
320.5151
229.959
254.5132
324.9192
181.5345
309.7533
407.4498
339.0915
292.9135
241.5051
238.0406
246.7257
372.6392
292.9265
320.8706
351.2248
227.8867
326.1454
332.3917
307.6872
320.5879
389.068
317.2557
308.1354
316.6701
278.2264
235.159
221.0878
262.0771
302.7242
201.4482
247.6303
127.1293
168.1321
242.7664
248.9984
396.146
211.4951
268.71
279.7537
310.4964
309.3711
378.8629
203.9064
306.9756
375.6986
253.6129
132.2635
371.5187
213.3595
207.5092
365.3218
302.3552
308.7917
308.5233
275.2502
143.9157
284.3533
247.7754
166.1549
244.2296
345.1446
202.3849
313.6362
224.6788
206.346
214.1913
299.8069
320.0617
353.7831
306.5154
217.5335
237.1286
326.9156
187.3698
275.1483
254.4533
247.0124
290.5205
337.5449
183.6392
384.0823
301.3495
252.9748
268.8765
275.8144
160.3965
160.1413
336.0106
255.5264
336.0033
271.6316
135.507
232.7423
209.9917
229.352
298.9704
275.1525
169.9952
275.7073
318.2378
181.2316
165.9856
277.4834
175.8211
368.2142
320.1011
273.2149
307.0343
189.2209
139.1532
192.868
208.6969
134.6823
406.8925
214.7008
123.7573
403.9352
188.1698
185.7516
345.0142
293.2774
327.004
185.2288
324.2401
214.5374
391.8034
313.5986
276.7069
255.7083
249.3883
245.6239
363.9187
306.6733
190.5075
267.5579
272.2084
268.7845
396.5189
232.5434
296.8583
324.3282
228.8225
183.4641
387.7468
335.5792
257.7869
237.6806
190.7971
197.8319
246.2584
192.8087
138.5795
388.3416
296.7398
257.3236
334.2416
334.2719
140.2852
172.0793
245.6761
222.51
326.1309
288.1586
289.5153
174.8343
275.42
169.8607
189.1118
256.443
282.4068
356.5896
298.4499
179.519
375.5176
340.8713
297.8133
355.1348
259.2861
271.5583
235.3619
264.4894
266.8064
236.584
283.0436
254.3632
357.5088
228.4125
171.3927
367.3252
180.6913
275.7593
302.3705
231.2481
140.9915
326.0333
268.6005
257.3103
257.5346
293.471
222.6705
254.4503
170.1994
238.8101
282.3582
305.1348
158.3996
361.8356
299.9777
161.4154
288.3299
248.5662
133.6576
374.3151
222.692
164.0993
208.8856
260.1483
146.6181
188.8049
329.4257
141.1478
365.3759
192.939
127.8408
407.7616
217.1411
202.2829
403.0223
202.7007
178.9067
279.7091
241.5366
255.661
195.956
283.9371
182.7641
231.316
314.381
175.4832
383.8262
267.7352
156.6899
201.7483
196.0493
178.2435
319.9696
277.6056
272.7219
195.0951
199.7169
294.7521
398.776
185.0923
288.1813
375.8634
311.5954
248.9907
219.6423
197.6932
150.4811
289.8654
309.7047
253.5859
384.795
175.5842
173.8052
214.2669
181.9722
235.2364
402.2746
232.7861
318.4429
166.143
216.9398
317.7828
349.509
230.7404
234.5785
260.585
185.0304
269.7825
151.1684
319.7798
123.1611
159.2259
249.1889
255.4306
333.3773
214.6834
207.1183
212.0031
180.7597
248.4671
394.8732
272.3992
288.6296
325.0494
181.7015
242.3142
324.3385
245.0966
192.4374
313.8037
317.6606
200.1093
307.8914
289.9795
157.2523
186.7557
278.0385
307.5323
295.6114
320.7453
321.1935
283.6897
344.9871
279.3691
174.9845
302.2176
256.9375
240.0596
240.2814
293.823
352.1015
244.61
373.6933
241.807
155.7686
306.7134
154.7236
342.361
323.6163
332.8633
303.5104
318.882
310.9587
197.2139
196.2656
207.3297
321.2658
194.1905
305.8632
264.7099
221.6278
204.4194
348.4306
263.5792
342.6051
172.2825
386.1348
195.6217
210.7272
261.2866
197.3202
325.751
161.6047
168.2943
147.3175
257.3444
271.7594
236.9172
272.8641
281.6253
199.5733
236.7518
168.1082
250.9264
329.1334
285.1486
180.6931
278.3438
171.3668
262.3864
184.9221
218.1749
204.0673
236.5094
171.5242
104.2978
170.5201
109.8475
275.8167
198.8033
229.0898
244.2463
233.8703
204.4192
213.0185
338.8386
342.7192
190.4179
325.9318
258.2635
337.2203
211.7493
217.8994
238.791
80.1144
87.8686
66.3813
74.1217
82.2843
59.603
43.5455
69.519
68.0341
62.7011
83.6267
79.4455
81.2928
84.0754
46.7124
70.854
94.8766
101.9673
64.85
89.469
61.7673
97.0522
81.8603
86.072
97.1963
56.2111
79.6141
91.186
71.0009
73.0981
76.4044
56.9206
97.0522
60.6798
55.0931
60.4634
49.8974
538.9617
84.1003
390.5139
73.9474
429.3459
96.0383
65.9429
83.5693
57.5308
47.8701
42.7106
44.3166
160.0659
92.8902
97.6897
75.2511
65.287
98.5948
100.5933
73.8667
50.5038
46.6122
51.0086
55.5372
80.015
54.32
58.6622
56.6531
362.8816
97.5692
59.5927
86.7078
75.4713
76.0761
45.4649
55.5323
62.8072
80.5263
64.9246
60.653
101.3094
42.2612
62.649
61.3747
60.6759
81.5905
44.5977
82.6587
42.3853
70.2858
88.9156
60.1749
62.318
86.6715
69.9746
70.0644
93.1538
93.9299
61.1751
52.9478
69.3334
227.9104
72.352
145.7622
66.2615
290.6712
60.9502
322.6354
50.9263
405.5432
94.5489
384.5053
80.1909
314.3061
104.8168
276.8337
51.6932
163.4945
56.5868
218.0814
83.5624
146.6847
87.4274
396.7569
60.027
157.5804
95.8797
401.7642
99.4481
186.0991
63.4097
240.6325
79.3674
207.1364
101.1011
292.6239
64.8041
190.0445
62.1826
247.0102
104.279
164.0906
98.6479
290.9786
45.8766
227.265
94.4831
280.6674
97.0865
178.7917
79.3662
348.7514
51.1868
233.5471
80.1477
160.7901
76.5482
267.3255
73.9606
362.2198
65.45
253.4933
72.4394
250.4119
67.7976
224.0554
104.2513
293.6407
61.5354
301.5125
98.9659
253.0951
56.5343
186.1198
94.1998
345.2351
78.3209
182.2592
88.9797
325.841
43.1944
347.6229
92.37
236.0175
331.8796
77.1058
276.7871
286.1511
56.5805
264.251
553.4164
85.1085
238.9461
368.8714
103.2763
178.6373
288.9947
78.5566
181.1462
440.8927
100.3539
326.3672
303.9951
48.6205
215.3193
459.3943
82.5503
223.0444
564.5978
97.2933
216.3581
573.7334
55.7757
383.8053
346.5767
87.4285
149.391
559.0501
91.4588
252.3584
581.862
71.3152
378.621
482.3795
74.8647
252.9571
512.2517
72.2154
228.7129
581.76
52.1108
288.267
505.7135
69.0472
305.0443
305.4215
54.3227
330.4645
302.5235
51.3407
111.1206
375.8401
415.3295
64.3766
147.1376
162.171
281.4365
77.7797
125.2565
313.7271
361.2087
79.274
122.1336
219.8129
575.0675
104.9209
206.6734
334.08
413.6233
103.4147
106.9025
173.9524
574.4614
77.426
196.8426
361.5744
519.5881
100.3936
168.319
274.9208
342.3814
45.4449
201.8557
249.8173
375.3184
56.2493
101.7618
182.5951
530.7715
86.576
129.234
220.9639
508.7874
64.1407
169.7521
397.414
536.9658
54.9794
135.2629
199.0663
611.3643
92.0878
111.6019
368.3679
411.7505
70.4059
133.3204
186.3876
296.5136
102.4164
217.5392
284.6953
255.1339
92.6532
199.6674
146.9152
282.2869
73.2916
242.7809
225.0225
506.4297
92.7107
103.1695
340.3099
558.0869
55.477
183.0207
320.6796
503.0091
79.6058
175.4188
168.5225
234.934
98.2072
130.8016
296.9268
437.8271
76.7111
151.7238
364.3136
427.2166
82.8094
118.2413
306.8267
451.5794
94.0269
99.4376
285.9115
502.6549
85.4615
129.5792
215.4956
266.0937
95.6992
140.0914
373.0413
346.9592
79.2225
201.0144
187.4695
563.3122
103.7847
117.8033
322.5606
320.4129
69.2231
107.3024
404.9179
515.97
91.0255
100.4307
224.9353
254.3605
69.6522
148.5801
223.4405
525.8259
87.1446
205.9352
177.791
463.3319
102.9269
180.888
355.1813
554.0495
56.9241
108.4285
391.7732
567.2818
102.1818
151.8568
211.994
610.1215
69.0777
136.3681
386.9512
440.1768
54.965
121.0296
296.3932
486.3519
93.6792
137.3721
233.0008
419.9089
48.7774
214.2864
299.026
516.872
104.6591
226.1208
153.3982
308.2667
83.8415
239.8401
244.3986
256.7047
45.6304
121.815
240.862
615.4451
101.2377
99.274
301.5909
498.2707
52.0559
203.6589
222.2757
407.3225
60.2927
189.0875
303.6954
350.4329
78.5183
154.8367
350.3256
380.4881
103.8592
114.2207
354.714
350.938
48.6053
223.4514
278.0893
352.7476
46.8716
153.025
217.6459
464.8577
85.6704
134.8954
343.8082
368.5897
85.3156
223.1501
336.503
301.387
83.4825
152.1203
380.0784
543.8423
102.4978
103.8143
175.9855
551.104
96.5254
154.2756
340.6952
614.4998
68.2525
147.9288
349.5537
528.5472
84.4581
242.1851
405.3849
250.4518
73.472
235.5431
333.6283
588.7156
80.9993
185.1287
165.6579
524.5935
70.0971
230.081
248.6554
280.8472
46.2458
229.4002
314.0191
512.5482
95.4552
220.8363
246.7696
433.5805
63.1894
203.1074
409.7675
328.9826
74.5818
241.196
224.7904
609.3563
42.9397
121.686
297.622
554.2454
73.9129
102.0606
236.2849
313.6631
71.9197
216.5938
226.406
356.8094
68.484
169.9299
167.4328
567.4836
93.0414
171.6546
410.0252
542.7478
64.5242
157.1231
256.4266
249.0461
85.6255
125.5219
303.9746
241.2252
49.0797
173.6016
351.1426
473.7372
97.5771
108.7285
349.6067
542.7332
73.0557
119.864
154.8163
502.7809
66.0774
245.7932
161.3979
543.5521
96.8122
226.3815
364.457
556.0403
71.8047
138.8527
331.4445
453.6682
62.2001
111.0422
385.7355
573.0459
49.446
143.286
352.4258
477.128
103.676
148.0743
167.0794
531.1075
72.0102
139.8022
235.2663
355.5585
70.8799
163.9153
362.7117
365.1144
74.2058
109.4588
332.7321
348.3358
70.8152
241.4966
193.3641
310.3788
100.8942
168.0809
379.1969
305.6313
99.5156
244.4133
212.4027
287.6301
103.3795
186.5475
163.8097
480.3157
61.8368
182.4463
368.0983
492.0121
86.0488
225.4166
301.3016
543.4528
44.7592
233.906
167.7765
464.6921
98.6216
162.3558
291.6628
257.8614
95.3387
190.2674
312.5816
532.4348
89.0233
120.8478
238.9272
380.9781
93.1919
102.5636
146.5893
404.2478
88.6419
154.6401
338.2964
548.9996
71.1529
147.0079
339.0016
533.9536
83.4808
112.4058
347.8394
565.0357
93.4876
197.3122
185.1594
463.2944
74.4695
189.0875
256.0017
502.7537
76.8035
237.1714
151.1064
328.9234
89.9436
124.3891
207.1574
494.7444
80.5403
200.3819
253.4387
322.3901
55.0557
214.888
226.4398
404.59
97.6791
144.0627
209.1747
264.9739
68.6294
200.2331
352.0849
443.3648
93.0565
178.4493
389.3802
405.9719
78.7176
177.9003
242.5208
440.0488
44.4203
222.7268
265.2816
435.7958
42.8769
138.972
340.4388
550.0845
72.1133
150.3736
214.6035
311.9841
99.9207
227.4109
311.0805
537.0581
66.0226
165.482
294.8628
463.9849
43.6611
215.2957
186.9739
603.2354
61.1803
225.5264
377.3563
570.3139
50.9024
220.4881
338.3544
329.4315
46.153
100.0466
206.574
410.445
95.6985
171.1998
207.5048
423.4468
46.1065
172.7154
160.7732
261.5363
96.634
119.9283
368.2475
582.0489
78.1824
244.2594
340.4485
320.8497
87.6427
203.2295
210.825
272.2301
96.5731
167.7015
234.431
262.4674
96.6239
145.7972
235.4018
524.2222
60.4327
105.3938
208.3513
515.6621
61.8691
221.317
316.4225
328.4984
84.5095
211.31
231.2015
437.0261
69.0599
148.5642
375.0607
474.743
81.1379
188.0657
166.7294
517.2138
73.3497
191.2135
315.9923
573.519
81.9753
118.1355
395.4002
538.905
50.7909
103.8308
171.7294
375.1149
49.6215
206.7355
259.6599
252.3421
90.118
116.5137
392.746
509.7998
84.0071
151.8404
200.2334
421.5492
77.6501
132.6522
144.6334
550.4691
54.1875
110.8033
386.1946
275.086
92.8234
192.2751
384.5177
437.4093
95.9295
103.0474
232.5401
512.9441
64.6158
123.4537
331.973
293.6638
92.2267
198.2983
318.0016
434.9403
89.8755
142.2303
404.6678
266.2298
49.6314
229.8253
242.8329
448.7116
58.3141
95.5397
407.6792
56.871
241.4565
277.6047
103.4665
143.2416
257.1978
61.2829
131.3765
268.645
84.3071
184.769
508.3737
75.8776
237.5274
587.4627
76.4115
99.8602
418.8792
101.3216
243.4049
383.6778
54.4552
191.4621
382.2714
87.3822
149.6844
592.0586
92.083
208.5944
491.9186
96.9106
175.9079
504.9969
89.6432
167.17
541.9961
94.2161
235.7807
243.6512
60.9797
124.6811
432.1723
78.3312
191.7416
419.6798
104.8287
206.0636
346.4145
68.5959
182.9406
368.2908
48.0773
151.123
602.2453
51.064
231.3608
336.3805
45.2799
123.737
548.1965
102.6194
196.7082
433.5925
70.1087
188.3418
380.7054
44.5895
105.6416
247.4895
80.9557
130.3141
460.7232
83.0105
169.3103
567.2486
64.9421
245.7191
382.9531
91.0159
178.0511
238.9314
48.2777
180.1124
516.3893
84.8213
155.1005
508.7803
51.0191
244.8562
366.3137
71.2251
246.5865
283.0083
50.9788
191.5823
342.6342
57.961
177.772
478.2845
100.1438
175.4664
481.58
67.6542
207.0514
482.7148
42.6811
199.9462
315.8403
96.8632
241.7021
457.4734
43.2699
165.1517
385.9431
58.043
165.6398
273.7586
92.3556
130.9272
394.5866
53.3342
158.8148
42.7634
236.0792
67.562
127.3596
88.4667
186.4413
383.2719
74.8448
227.1663
460.9026
59.6247
120.6211
360.127
70.5356
166.9848
388.6562
97.7465
168.3854
605.1366
80.1932
203.3863
537.0661
81.063
154.6183
549.6927
64.1458
171.9978
398.8056
77.8846
118.2859
443.8688
61.6209
112.0751
502.9849
82.1502
193.007
592.4366
94.9566
179.1586
610.984
72.5045
170.0482
283.2596
104.6018
124.4188
282.4762
103.8732
137.7034
293.927
80.5616
214.5316
265.2371
47.3946
222.7494
289.695
47.6615
187.4276
274.9155
81.1215
148.9011
529.0744
100.7547
167.6992
395.6169
87.149
443.6389
103.0775
396.7129
51.3842
366.6251
57.5057
431.1018
72.189
256.4821
67.6509
411.5287
104.5805
269.1229
78.803
494.4131
61.7389
297.9084
60.5727
398.9261
71.0139
300.3972
45.7315
398.5427
83.0381
309.4625
431.6161
51.6296
305.3617
602.0449
71.3857
279.4646
463.2578
68.6717
186.7955
294.2192
65.0042
317.8603
236.7662
83.5466
217.3292
541.2255
100.6948
160.1605
273.3764
43.5987
201.6595
287.4272
79.3695
125.303
273.4956
68.7701
326.6271
353.3507
70.4628
126.4476
543.8578
88.2496
194.2555
533.3421
58.5854
319.7849
405.6119
50.358
322.3926
243.8401
65.329
136.0252
396.2644
96.8121
184.4402
297.152
594.4511
94.0598
130.128
309.9461
383.3285
84.0073
231.7866
187.672
391.2941
62.4779
225.6296
259.1034
463.8136
99.48
237.8148
278.5469
377.9587
53.1671
142.0368
207.8961
268.686
77.3822
190.6068
304.0617
519.9696
64.9579
121.2932
264.8701
521.1885
70.0825
173.1563
213.9593
566.8182
72.5272
133.3224
146.3234
603.4514
44.3536
107.1047
328.9679
270.5053
75.8958
124.0848
189.6363
354.6416
100.3221
194.7368
296.7528
553.9394
91.9427
231.8788
235.6009
327.2225
92.6295
228.7044
251.3163
286.6403
83.2624
224.3537
220.5225
568.6513
43.0039
232.9458
214.3699
272.947
87.4387
182.7044
190.3675
389.5847
103.1916
224.2722
214.7003
492.6793
69.5582
241.5156
178.7296
526.4207
102.9471
114.0877
151.0547
475.9519
44.5403
118.7245
235.8895
392.7478
56.5327
199.7118
123.5681
533.5904
86.6047
120.1715
123.7402
445.0279
55.9238
148.775
156.2548
511.3493
47.953
173.2065
302.8515
250.5856
73.6722
194.1536
138.5901
491.879
84.4881
169.8204
327.4486
559.7293
88.125
238.9143
247.7029
304.1442
78.1446
225.7701
240.7746
260.1352
427.1538
89.1411
102.8273
446.4699
260.2122
506.6721
80.3163
115.6168
565.0785
200.3718
294.9229
79.394
115.0976
333.4091
272.6745
236.1522
50.5859
235.9894
308.6035
225.1314
488.0019
75.5788
110.726
604.1757
267.3374
239.5439
65.9699
111.5509
329.7221
216.8959
360.5273
45.9877
242.2893
583.2836
164.3484
572.251
62.0775
143.7759
418.3939
215.3986
304.6754
96.2333
153.517
437.7635
194.459
561.7669
90.6296
207.5797
330.1264
197.7432
453.4537
104.3228
138.4944
419.2401
130.9763
282.6089
65.0632
136.5004
494.4532
260.3442
273.2642
49.8572
217.5654
352.4983
154.0104
391.5055
69.9674
177.0534
476.759
279.7395
569.9235
57.319
140.8288
282.8165
192.3095
332.7032
95.4024
231.0189
562.1199
258.6466
257.0186
83.7362
228.9483
417.3062
214.2492
347.7641
59.1591
224.6557
289.8477
237.408
268.3741
60.8516
168.7297
493.448
225.5114
347.1172
45.3239
179.887
455.5893
312.1862
436.2894
52.1661
173.2082
271.939
191.8176
317.1398
58.7207
117.4457
285.5719
255.1249
522.2257
91.1109
160.8581
357.6882
272.8936
375.1698
82.2387
154.2655
341.5676
301.1133
278.5356
85.4806
196.384
571.7767
215.2197
237.0553
55.5194
210.9022
592.0425
226.9068
264.7509
78.3353
237.1522
273.2215
228.6396
516.828
43.035
242.6618
494.1298
318.0322
344.1002
104.6838
123.6125
474.3772
265.5747
326.5413
53.2519
123.5801
486.4156
284.2187
585.409
50.561
98.3902
347.5363
244.4271
581.1472
66.1212
223.6154
438.1461
273.8293
462.0201
47.9024
96.1537
271.1434
234.22
287.4206
94.806
141.7069
402.4477
301.9508
599.9371
43.0456
216.8762
448.742
273.0464
364.0016
42.8397
138.662
517.3383
126.154
578.1799
50.5085
228.0983
415.2725
123.393
589.744
72.2658
111.8961
561.364
201.4167
605.3862
69.0221
192.9559
397.6012
228.735
420.0988
67.9527
223.7121
384.3486
227.9795
569.6206
101.8608
295.817
103.7672
272.3132
589.5462
96.8809
151.5836
326.3309
300.863
367.1584
44.3938
136.8163
473.4006
159.0092
302.2248
53.6953
250.0105
206.2759
222.0316
450.793
87.1829
522.6472
186.9035
208.513
459.4259
77.1018
455.6077
177.3798
204.5563
507.9343
102.9122
596.2828
204.8625
217.2708
319.3369
45.4076
243.5913
98.8126
279.1649
455.9902
85.1358
359.1847
147.4741
143.2366
400.111
54.7801
525.8624
237.2863
303.0284
250.1855
79.2772
497.417
146.4539
214.4043
603.5111
56.9899
523.7247
222.8154
313.0006
276.103
102.1475
539.1
221.3666
238.1254
368.0412
67.8538
536.8416
133.0808
249.51
314.7371
68.4645
341.4332
209.4142
170.9511
569.861
78.3769
409.9981
157.9389
145.3094
555.2303
99.5387
380.6025
213.1496
262.2541
598.0962
48.2704
578.2684
215.2703
242.9731
487.5893
46.4199
488.7361
235.3958
203.2586
531.3689
49.9002
537.9077
122.4808
284.729
378.5193
42.929
377.8049
241.4439
177.8607
543.9066
100.5588
268.0812
170.1474
326.5285
388.9142
50.0649
356.6363
195.6138
145.2506
271.1186
81.7932
420.7998
245.6966
139.4542
589.9373
59.3181
191.7594
261.9434
221.8272
309.7171
69.3331
424.1164
238.1281
165.1877
371.8247
70.3294
451.5181
171.4119
146.1505
523.6827
60.207
224.5754
400.1965
266.5146
406.4585
42.6228
269.1345
171.0429
278.1261
461.5183
74.1066
96.9602
550.8608
325.1996
523.1585
60.6701
410.4934
182.3508
209.6108
445.4019
63.9273
109.9896
368.4845
174.1816
501.4111
46.2964
599.0388
156.9383
292.0374
474.1329
83.1014
185.9675
259.9286
264.3132
242.1385
76.2397
105.1233
450.1233
169.2656
496.9929
87.5322
612.1585
179.3582
301.8964
317.4521
44.9796
405.1017
167.3036
185.9697
356.1285
96.2749
543.2649
238.6831
306.3899
409.3517
47.5561
223.0523
569.4345
187.7177
611.3468
73.9944
186.9076
406.8393
183.9119
418.8335
89.92
365.68
234.8098
323.1877
407.8334
70.5292
613.4237
221.5824
318.8065
515.0487
73.1626
464.6639
147.7935
258.4102
461.5161
67.7122
489.5552
196.3016
172.571
283.2854
75.152
222.3593
513.4252
287.6511
483.3572
49.0391
247.9706
209.8743
197.0381
294.2808
96.3903
331.479
226.9168
326.7033
415.7475
69.6613
348.7472
128.0634
272.8127
410.9752
85.1562
574.2347
145.5733
261.5123
331.3587
66.8195
207.5623
542.3839
237.7017
434.8905
97.9177
241.9065
146.1995
227.7895
539.9965
98.7734
361.7612
209.6525
181.1074
306.6001
49.9125
272.3542
140.9869
248.5992
411.3683
76.0618
337.1935
216.3169
241.1643
338.8249
46.3745
464.432
161.5802
140.8262
400.653
76.7936
234.4449
149.165
183.5662
476.741
72.9209
514.1554
143.3421
154.427
320.75
99.3872
375.6891
164.4414
195.5859
471.6745
48.7626
590.8812
198.4198
264.8535
260.2254
48.7232
457.2028
157.8196
247.451
436.1455
52.8999
560.6168
172.9146
274.9363
345.8857
77.0131
606.9225
203.0048
295.9662
357.7348
75.9547
521.2081
240.3575
142.6839
291.4588
84.5323
484.4425
197.1183
205.7339
560.6098
52.4705
320.8634
108.0218
251.247
412.8881
70.8871
494.7022
153.7541
324.4057
516.2553
93.9939
575.7543
232.8046
198.0155
533.8219
75.1234
448.0941
183.1695
287.7098
265.6108
63.2026
512.2811
100.1127
166.2476
456.0775
89.124
530.7675
137.8173
233.3652
563.8758
54.3443
297.4565
221.6708
308.5141
564.4605
79.5414
568.2608
223.4502
131.9625
474.7797
85.942
336.9846
187.0205
208.8035
561.6189
89.5814
238.8629
244.8477
188.2218
289.5535
88.6411
576.3025
128.6476
217.5491
339.6125
74.1584
461.3594
236.7333
157.2157
326.7224
94.3384
386.6571
219.5162
138.7769
393.0867
50.1253
411.3729
202.9379
256.8734
589.5547
68.8556
565.7393
216.9918
299.6378
509.082
72.0143
290.0475
198.969
131.7726
471.5763
84.9746
350.7561
218.8024
170.8878
386.319
64.0758
236.133
129.8972
172.5285
435.3308
102.1229
372.8398
128.2753
269.4663
524.7001
61.665
239.2524
132.2559
169.3512
423.0398
78.4386
300.348
134.4249
239.7275
522.733
98.4754
237.5324
233.2569
201.1463
74.2308
442.4498
159.484
282.372
54.3391
404.4057
101.707
321.3202
96.7875
304.8574
158.2045
143.5484
91.09
359.8513
98.9043
220.8398
104.2011
421.6222
235.8944
173.2566
74.4519
279.5478
231.4498
132.2726
246.0535
65.2344
484.9739
132.8402
266.7895
175.9681
89.4579
241.2652
138.1758
263.6543
319.3825
43.7477
430.6341
178.4585
162.9204
232.0711
49.9088
481.6744
190.785
123.3453
292.9824
94.6449
296.33
237.0975
274.3278
285.8012
47.2763
261.8634
166.9332
155.846
294.5113
55.4595
496.8248
192.1748
218.394
174.9579
58.9056
480.0206
245.7998
232.9204
272.4102
59.0991
594.4822
100.6313
172.765
181.1239
74.0165
607.4349
96.0875
271.5965
173.9035
92.8452
448.2665
192.9316
257.3503
317.6651
93.7024
603.496
244.0223
234.1656
300.9987
61.3534
596.7426
113.0634
328.3233
329.7307
67.9308
532.694
97.3539
128.183
242.4865
101.6532
343.0759
134.5381
184.1209
228.2529
84.5435
564.6199
225.3554
212.4674
297.9408
79.1482
436.0326
96.3905
183.4439
289.9474
54.2559
590.9648
230.8232
173.1013
231.7189
91.6161
388.9794
163.1787
215.2565
345.3128
88.6578
608.5207
118.0772
153.4308
340.9609
91.2085
394.8833
216.9844
316.7868
312.6312
59.2127
336.1803
140.9608
136.066
209.5905
73.451
560.3123
161.4126
261.5264
197.9675
101.2584
363.9365
194.8408
148.8801
310.3144
77.2434
522.4348
225.5918
177.2306
273.1702
47.0066
237.8831
120.6073
265.0104
224.6226
58.8594
598.0198
204.174
133.9184
185.8709
55.543
375.2144
160.674
190.8577
244.7882
80.9468
251.4368
217.3345
143.8726
205.4842
45.8274
532.2253
198.9781
296.0866
305.8675
60.5272
392.656
102.7722
161.6395
333.2081
74.6935
570.3112
216.98
171.6252
341.7001
83.9966
313.2482
175.7093
290.0291
302.0238
84.8491
455.9682
141.6637
277.6655
276.2481
217.7812
268.2715
315.0908
265.4956
184.1076
198.0773
182.2917
209.9486
257.5143
317.672
246.9276
220.305
248.1178
265.8458
176.8805
247.1457
278.9044
298.3957
197.1272
219.3984
204.7688
209.4045
323.1104
234.0059
321.3769
292.6959
251.8605
271.5908
227.2734
187.4224
212.6934
277.2909
340.1359
300.4693
334.3903
201.5004
333.2563
273.2608
299.532
192.0036
345.1871
245.6544
303.1163
184.9308
258.0426
210.8903
213.7284
285.0888
222.1784
247.0331
235.3662
190.5363
242.9001
304.0046
324.538
317.7738
288.4574
321.1465
270.4565
176.6087
253.8869
314.2916
252.0439
297.6339
300.2446
331.5366
320.0467
266.3191
175.45
231.3227
175.8211
209.9708
189.3202
331.0235
176.3096
169.2526
185.4243
235.0216
331.369
292.5869
334.1229
242.2306
236.9419
187.5709
206.5815
242.1724
181.5809
298.5451
282.6601
180.0673
262.538
315.6386
222.3756
184.9301
219.0278
329.9959
229.1263
272.3809
212.3505
216.4498
263.0343
255.7924
321.3273
174.6622
334.6298
303.4887
306.9615
232.6902
336.6449
219.9941
196.3722
173.0632
324.9246
261.801
180.8872
252.7714
268.3829
322.7861
200.692
281.0674
240.5476
247.2458
236.6398
238.6727
345.5316
311.5593
324.7212
266.8574
233.2582
196.7062
168.2695
214.9263
328.4411
257.2734
345.2469
287.8952
195.1789
286.1825
168.9118
232.5831
306.0761
318.1535
273.8098
247.971
229.5363
242.8875
235.3606
332.4925
333.2988
193.1137
274.3317
294.9245
168.3995
294.9885
325.1934
220.7353
281.538
302.8694
335.7438
236.1226
303.3162
301.2058
250.4708
193.5429
310.9911
195.1993
207.8878
321.2793
199.2424
232.9781
194.5328
265.5405
281.0071
217.3177
331.4643
190.7058
338.667
242.4068
290.9175
195.649
197.8013
45.0665
310.2823
43.8854
247.7832
43.3872
224.2852
43.947
302.7308
101.5108
278.1807
94.1738
268.1184
257.2659
610.0918
45.764
234.0643
516.4839
97.6508
300.308
426.2142
72.8178
280.8862
569.257
101.9523
192.4724
146.9847
285.6346
84.2571
190.2485
226.6694
437.0902
52.1186
315.9006
236.3197
496.8448
68.1272
249.3072
161.9529
602.6696
91.5165
342.9736
288.1802
302.0339
101.4955
267.0664
157.4271
433.6907
87.418
339.6507
218.5039
613.1742
75.2838
221.6226
252.333
290.9261
76.0319
217.876
298.2066
395.8177
54.1954
314.0794
195.509
418.7462
99.9769
206.821
258.933
396.1727
47.2784
252.0511
295.06
76.5645
238.5576
276.0476
43.4715
428.7732
94.7139
254.0245
47.9908
394.7859
96.5018
256.1727
63.9413
548.9172
81.4088
402.9699
103.5043
389.8198
66.8073
234.8064
43.4275
386.8003
53.7603
455.0756
74.4955
234.5702
60.9877
589.0426
77.9026
264.0586
89.8781
438.3816
53.4793
443.9666
62.8388
602.5698
65.8658
516.3414
100.2116
300.9628
101.2063
572.8817
69.763
454.3615
52.7671
265.967
79.381
470.2077
47.0522
306.5285
93.0792
425.2161
96.5041
481.8453
47.7189
561.2642
93.7358
515.1618
78.0177
357.7219
82.4434
406.6792
83.4088
467.1035
79.693
294.9695
89.1615
585.9699
58.1658
273.2066
42.8573
498.4011
56.1798
283.793
51.8468
285.0896
98.8822
346.9939
94.6878
401.1837
63.9277
422.0603
56.7823
393.4318
53.2229
600.0447
58.4898
239.9407
96.9268
341.0717
45.9022
354.9722
101.8458
436.2328
91.2138
484.6514
59.6612
315.5219
44.2111
239.2605
53.0659
283.3232
50.846
267.9249
43.8687
429.8972
102.135
358.9895
103.4537
451.0923
48.7506
534.2034
69.6524
300.1338
73.6398
559.0071
74.1013
410.8082
55.8163
514.7274
89.5147
255.674
64.1271
297.3469
71.007
598.0845
97.2938
569.7129
61.6414
386.807
66.8722
351.6014
52.7761
510.8672
66.9603
405.9379
103.5072
468.9308
94.513
568.7104
88.5885
375.0686
96.9993
540.6901
59.629
424.1223
48.8532
427.9915
81.1304
341.1078
104.7303
424.7731
101.0399
310.1525
99.9914
473.9844
75.9417
462.3716
51.0771
521.02
83.8088
454.8326
93.5372
473.4348
89.3763
589.3557
67.4097
410.5161
71.679
534.3286
48.4266
587.4916
104.1257
557.9992
64.1488
414.4769
96.6515
319.8308
43.5978
455.9415
78.0048
380.4733
88.2661
527.4824
82.0854
316.7151
75.5399
378.0556
79.4487
242.4365
66.5714
511.5171
49.6415
616.0823
43.4758
444.3713
48.9204
589.5174
44.4192
500.0131
54.1409
587.3125
97.6904
463.4854
87.1781
383.5381
92.2248
407.8483
62.166
604.0219
90.2678
559.6809
45.1019
513.7374
75.924
368.996
68.9751
580.5573
96.2462
497.9626
103.5281
294.0089
70.265
306.2771
71.0564
532.9165
82.9551
484.8255
78.2916
350.9126
67.5682
280.4137
94.3959
430.73
97.045
543.8306
52.4246
407.974
44.3411
297.3327
53.2818
532.692
86.4712
256.8115
102.2113
483.5304
77.8847
263.4193
49.2218
429.5763
65.4448
374.2867
49.5479
327.1387
94.7783
491.1691
97.2952
476.7246
86.1103
234.402
62.8061
441.3033
45.8794
572.4389
47.0164
584.6438
63.4645
345.4759
46.1518
471.0385
58.2251
277.244
102.5318
241.0982
82.7751
432.9743
57.0148
414.526
66.9728
486.8023
94.7258
286.8345
70.514
582.4871
101.1613
245.8786
84.2651
350.275
83.5598
551.8255
56.5643
567.0307
64.5682
530.7732
72.6576
355.4003
96.7176
576.67
66.2146
585.7526
53.0464
583.4636
44.4946
416.9736
102.3833
398.5344
82.2007
608.86
103.3151
384.4358
79.3705
566.8694
69.723
391.7739
91.8086
598.3484
71.974
317.7167
93.5638
435.0564
49.398
398.1194
60.798
522.853
83.5744
542.5982
93.0788
317.8045
96.1806
392.0672
69.6597
329.6983
44.7369
378.289
82.6841
597.0329
60.4988
426.8576
44.4685
515.9695
86.016
473.7547
79.0821
583.4982
47.483
383.1797
42.3423
589.1795
91.9603
289.7588
62.099
250.272
89.8397
521.4893
51.2702
463.8573
86.5679
367.8661
91.5288
375.7077
53.6256
487.5755
43.8211
361.1303
469.2212
572.9201
616.8503
540.8446
263.5474
296.0771
334.5143
305.0029
331.5656
339.7239
175.8518
344.97
183.8125
188.8107
218.1465
207.2099
231.677
313.9888
209.2605
331.5939
227.3892
326.5696
327.6331
312.1333
300.5729
326.7518
233.3694
340.1166
226.6201
194.4185
222.6496
189.3171
219.8844
293.506
302.4578
282.2711
314.696
296.9409
300.6317
298.6262
203.1955
315.1493
210.2321
220.5598
330.9899
323.1355
323.2336
344.2682
245.6269
289.1308
174.5344
168.5259
338.8911
203.8133
301.2876
343.315
307.9198
277.0972
320.5518
291.5252
298.1391
323.4933
178.2628
314.7241
189.0205
205.0391
208.5251
261.9973
315.6577
174.7997
270.2241
190.8599
333.1638
319.9382
185.9582
261.237
228.8887
261.3577
326.2913
307.5156
189.4571
266.9127
292.3264
245.6661
301.6262
307.1907
235.598
336.4345
175.9646
168.8649
276.2862
325.6047
184.3506
180.6162
244.7504
220.3313
306.2913
326.6268
191.3835
298.5427
233.0622
328.6426
329.7866
262.4139
284.6665
251.6071
324.2634
294.9111
202.6155
297.8653
324.6356
192.4047
179.5284
234.9376
277.3783
222.3541
298.5533
325.864
272.0758
235.062
251.6077
291.1194
232.1977
322.4997
315.4403
307.0981
285.1947
265.2018
292.5117
214.1697
298.9165
170.232
243.6973
227.3042
275.3473
253.2188
253.8083
212.2684
266.6645
209.4621
208.9352
286.3919
258.6152
221.1086
208.6099
340.904
288.2151
307.3999
277.7891
175.8405
172.7659
242.9884
179.6576
336.5207
185.1945
311.3255
308.252
180.5955
272.7115
312.1189
189.9049
206.6646
221.7904
293.8608
200.5089
189.4652
324.4676
252.4259
179.6017
330.6301
320.9613
308.7405
192.2708
174.0169
267.6125
208.5213
323.8788
180.6066
215.145
191.0845
308.6089
177.9736
210.2462
290.2253
326.831
291.3249
175.4683
292.1683
212.288
173.1105
290.4493
261.5871
184.102
180.2037
183.4553
300.6953
344.6013
315.6515
226.2419
342.407
277.9676
227.9959
215.2369
244.568
262.7036
179.1652
334.0426
178.8453
212.9486
237.5157
330.7194
265.0253
211.4276
185.7484
366.7143
174.0136
405.4235
233.2972
222.5745
202.7698
319.7958
274.0762
240.4274
335.4117
262.8461
394.3395
371.2823
316.3197
330.8033
259.2259
264.2355
222.8465
403.1017
334.5027
257.7343
214.2133
188.0436
224.5613
281.6389
272.4712
233.7898
241.95
277.8374
286.0366
184.2108
335.1343
190.326
334.7268
212.3679
282.2805
341.4244
317.75
292.7424
312.653
327.8794
275.1868
256.5796
310.4505
196.0673
294.6518
213.2495
242.6018
338.5032
313.1627
303.2498
194.3103
204.6149
203.166
273.255
324.7292
338.9019
312.1048
332.337
206.773
274.3485
271.8875
225.7636
228.7164
309.8629
202.1531
305.397
303.7271
293.0168
287.7341
232.2169
255.9821
321.8574
273.2133
246.9909
244.5155
314.0669
283.9745
199.6161
342.4464
219.0
314.0
194.0
214.0
323.0
329.0
320.0
227.0
291.0
207.0
320.0
183.0
237.0
265.0
184.0
209.0
193.0
226.0
339.0
233.0
337.0
165.0
212.0
193.0
248.0
206.0
339.0
182.0
198.0
155.0
226.0
267.0
345.0
232.0
194.0
163.0
229.0
257.0
191.0
156.0
269.0
192.0
187.0
216.0
300.0
144.0
299.0
216.0
187.0
180.0
285.0
194.0
213.0
265.0
327.0
144.0
240.0
230.0
205.0
250.0
179.0
153.0
250.0
171.0
293.0
207.0
220.0
225.0
206.0
238.0
328.0
251.0
280.0
207.0
245.0
242.0
346.0
247.0
335.0
197.0
189.0
256.0
272.0
245.0
233.0
173.0
320.0
175.0
306.0
246.0
208.0
196.0
346.0
210.0
342.0
242.0
190.0
222.0
335.0
191.0
320.0
147.0
337.0
160.0
213.0
144.0
311.0
260.0
327.0
240.0
222.0
255.0
287.0
200.0
261.0
252.0
230.0
266.0
243.0
233.0
193.0
154.0
313.0
177.0
194.0
180.0
306.0
199.0
332.0
208.0
339.0
218.0
273.0
150.0
207.0
232.0
237.0
171.0
286.0
241.0
283.0
197.0
321.0
174.0
200.0
254.0
209.0
170.0
228.0
213.0
206.0
189.0
186.0
156.0
252.0
221.0
204.0
233.0
191.0
227.0
295.0
192.0
345.0
160.0
190.0
177.0
319.0
164.0
244.0
211.0
233.0
243.0
338.0
229.0
283.0
242.0
246.0
245.0
186.0
206.0
317.0
192.0
330.0
262.0
270.0
256.0
315.0
185.0
280.0
259.0
186.0
201.0
239.0
256.0
244.0
232.0
197.0
247.0
286.0
215.0
209.0
262.0
169.0
200.0
282.0
203.0
296.0
144.0
181.0
228.0
266.0
212.0
272.0
252.0
216.0
229.0
300.0
243.0
192.0
222.0
323.0
155.0
217.0
237.0
278.0
152.0
339.0
247.0
189.0
245.0
298.0
247.0
231.0
184.0
307.0
243.0
174.0
205.0
277.0
169.0
178.0
215.0
231.0
247.0
284.0
194.0
267.0
218.0
289.0
151.0
307.0
213.0
220.0
229.0
211.0
209.0
197.0
154.0
192.0
223.0
269.0
283.0
199.0
261.0
246.0
171.0
211.0
248.0
219.0
215.0
159.0
335.0
176.0
278.0
219.0
226.0
226.0
249.0
156.0
339.0
180.0
198.0
152.0
287.0
262.0
301.0
259.0
176.0
207.0
197.0
225.0
249.0
162.0
310.0
169.0
302.0
211.0
146.0
227.0
264.0
250.0
195.0
266.0
233.0
233.0
145.0
194.0
247.0
184.0
211.0
159.0
156.0
176.0
172.0
168.0
194.0
221.0
244.0
185.0
175.0
190.0
240.0
164.0
181.0
148.0
215.0
186.0
159.0
268.0
149.0
215.0
195.0
183.0
234.0
149.0
259.0
173.0
174.0
167.0
236.0
181.0
239.0
156.0
160.0
194.0
147.0
165.0
209.0
174.0
172.0
244.0
226.0
296.0
187.0
234.0
185.0
327.0
271.0
205.0
257.0
231.0
305.0
280.0
337.0
208.0
180.0
211.0
219.0
302.0
171.0
201.0
329.0
198.0
217.0
223.0
269.0
183.0
176.0
297.0
284.0
274.0
227.0
202.0
326.0
212.0
178.0
182.0
217.0
345.0
184.0
286.0
214.0
211.0
191.0
333.0
189.0
240.0
208.0
206.0
210.0
218.0
333.0
328.0
186.0
269.0
320.0
334.0
311.0
217.0
184.0
234.0
243.0
336.0
278.0
277.0
257.0
188.0
341.0
267.0
260.0
192.0
321.0
296.0
198.0
239.0
211.0
212.0
207.0
320.0
177.0
231.0
319.0
278.0
296.0
290.0
248.0
218.0
253.0
191.0
328.0
253.0
328.0
334.0
200.0
260.0
193.0
306.0
317.0
303.0
340.0
297.0
335.0
295.0
306.0
301.0
278.0
334.0
279.0
322.0
237.0
222.0
279.0
222.0
266.0
343.0
199.0
204.0
329.0
204.0
194.0
241.0
301.0
232.0
299.0
295.0
174.0
332.0
275.0
311.0
278.0
244.0
345.0
340.0
317.0
332.0
246.0
269.0
289.0
198.0
312.0
346.0
235.0
216.0
278.0
342.0
331.0
228.0
278.0
310.0
299.0
346.0
197.0
192.0
322.0
268.0
261.0
308.0
342.0
169.0
294.0
274.0
225.0
261.0
195.0
310.0
217.0
265.0
249.0
240.0
282.0
200.0
339.0
202.0
225.0
184.0
229.0
274.0
333.0
327.0
283.0
244.0
248.0
226.0
206.0
235.0
268.0
259.0
296.0
270.0
173.0
248.0
204.0
212.0
217.0
211.0
208.0
175.0
279.0
257.0
173.0
300.0
237.0
184.0
180.0
213.0
340.0
336.0
235.0
230.0
263.0
224.0
282.0
225.0
170.0
180.0
229.0
179.0
221.0
250.0
291.0
287.0
320.0
329.0
344.0
330.0
180.0
296.0
234.0
185.0
203.0
187.0
251.0
186.0
319.0
336.0
303.0
232.0
256.0
189.0
302.0
264.0
321.0
309.0
209.0
182.0
242.0
295.0
204.0
336.0
315.0
273.0
318.0
315.0
259.0
288.0
241.0
321.0
301.0
253.0
168.0
202.0
176.0
253.0
221.0
264.0
276.0
278.0
287.0
181.0
313.0
228.0
213.0
225.0
254.0
313.0
313.0
279.0
277.0
231.0
286.0
199.0
263.0
278.0
188.0
242.0
335.0
254.0
311.0
218.0
275.0
283.0
316.0
193.0
295.0
262.0
236.0
227.0
312.0
207.0
173.0
286.0
280.0
238.0
250.0
180.0
285.0
195.0
242.0
307.0
338.0
313.0
176.0
293.0
185.0
314.0
230.0
303.0
172.0
296.0
193.0
296.0
199.0
178.0
267.0
183.0
282.0
232.0
180.0
231.0
321.0
282.0
175.0
249.0
310.0
286.0
308.0
338.0
256.0
173.0
260.0
269.0
184.0
291.0
187.0
337.0
246.0
339.0
183.0
261.0
235.0
191.0
289.0
218.0
346.0
272.0
219.0
273.0
318.0
234.0
198.0
303.0
201.0
245.0
315.0
279.0
300.0
179.0
257.0
242.0
273.0
174.0
321.0
252.0
190.0
222.0
170.0
283.0
232.0
232.0
225.0
186.0
326.0
300.0
285.0
336.0
233.0
286.0
212.0
292.0
323.0
335.0
254.0
241.0
183.0
296.0
289.0
342.0
204.0
287.0
246.0
337.0
270.0
317.0
325.0
318.0
224.0
318.0
216.0
169.0
200.0
338.0
230.0
208.0
232.0
174.0
198.0
175.0
220.0
253.0
195.0
303.0
171.0
190.0
219.0
245.0
225.0
318.0
282.0
331.0
175.0
267.0
177.0
283.0
265.0
219.0
189.0
258.0
302.0
284.0
312.0
324.0
338.0
335.0
186.0
242.0
227.0
247.0
279.0
282.0
335.0
316.0
199.0
332.0
180.0
278.0
172.0
239.0
178.0
283.0
168.0
202.0
289.0
225.0
209.0
293.0
216.0
285.0
169.0
181.0
273.0
199.0
240.0
304.0
211.0
214.0
317.0
284.0
321.0
233.0
237.0
240.0
339.0
281.0
240.0
243.0
284.0
262.0
318.0
191.0
298.0
213.0
338.0
205.0
195.0
283.0
338.0
189.0
287.0
255.0
323.0
339.0
274.0
246.0
312.0
311.0
217.0
247.0
185.0
278.0
185.0
236.0
315.0
188.0
317.0
208.0
271.0
258.0
333.0
210.0
233.0
216.0
292.0
225.0
344.0
179.0
260.0
218.0
312.0
267.0
249.0
172.0
178.0
210.0
331.0
190.0
228.0
178.0
306.0
194.0
332.0
291.0
309.0
313.0
261.0
261.0
182.0
200.0
228.0
219.0
279.0
271.0
326.0
297.0
207.0
289.0
231.0
290.0
208.0
249.0
293.0
283.0
283.0
178.0
313.0
173.0
202.0
201.0
197.0
300.0
309.0
316.0
176.0
175.0
269.0
286.0
221.0
196.0
220.0
320.0
295.0
175.0
192.0
278.0
180.0
248.0
325.0
303.0
333.0
170.0
285.0
318.0
318.0
345.0
203.0
266.0
275.0
206.0
200.0
186.0
255.0
272.0
266.0
199.0
224.0
239.0
259.0
319.0
326.0
317.0
343.0
260.0
249.0
268.0
249.0
336.0
218.0
316.0
292.0
291.0
215.0
265.0
324.0
337.0
343.0
257.0
249.0
295.0
341.0
262.0
258.0
206.0
189.0
171.0
340.0
274.0
314.0
242.0
175.0
332.0
194.0
313.0
263.0
215.0
344.0
197.0
307.0
215.0
291.0
207.0
185.0
248.0
170.0
262.0
196.0
240.0
334.0
177.0
217.0
266.0
306.0
195.0
185.0
346.0
268.0
217.0
204.0
206.0
342.0
325.0
319.0
220.0
290.0
314.0
319.0
313.0
226.0
258.0
230.0
180.0
298.0
335.0
261.0
266.0
340.0
308.0
223.0
216.0
190.0
255.0
321.0
284.0
183.0
271.0
194.0
214.0
250.0
218.0
209.0
275.0
296.0
204.0
280.0
286.0
291.0
219.0
346.0
239.0
196.0
273.0
211.0
320.0
239.0
239.0
323.0
308.0
178.0
283.0
260.0
267.0
168.0
272.0
316.0
288.0
228.0
327.0
243.0
235.0
206.0
239.0
192.0
219.0
302.0
235.0
205.0
199.0
264.0
225.0
199.0
295.0
231.0
269.0
253.0
213.0
188.0
330.0
267.0
213.0
232.0
191.0
273.0
342.0
296.0
257.0
236.0
226.0
295.0
338.0
257.0
247.0
238.0
205.0
282.0
329.0
176.0
270.0
326.0
195.0
269.0
233.0
175.0
258.0
184.0
239.0
293.0
199.0
301.0
226.0
346.0
201.0
197.0
228.0
248.0
173.0
339.0
325.0
267.0
278.0
237.0
175.0
209.0
193.0
267.0
240.0
281.0
317.0
258.0
283.0
342.0
250.0
327.0
239.0
331.0
341.0
315.0
209.0
225.0
237.0
323.0
263.0
240.0
345.0
338.0
179.0
235.0
290.0
230.0
307.0
168.0
314.0
302.0
320.0
298.0
225.0
336.0
327.0
179.0
327.0
178.0
291.0
175.0
329.0
276.0
207.0
333.0
196.0
304.0
171.0
213.0
214.0
279.0
301.0
176.0
290.0
287.0
264.0
319.0
177.0
218.0
310.0
319.0
266.0
279.0
258.0
215.0
247.0
209.0
316.0
221.0
327.0
255.0
339.0
271.0
328.0
335.0
342.0
203.0
248.0
264.0
168.0
223.0
317.0
193.0
263.0
188.0
311.0
221.0
297.0
196.0
219.0
322.0
202.0
261.0
335.0
343.0
252.0
247.0
277.0
287.0
289.0
191.0
291.0
201.0
281.0
285.0
231.0
201.0
266.0
195.0
331.0
278.0
200.0
247.0
329.0
325.0
271.0
252.0
272.0
323.0
255.0
344.0
235.0
268.0
328.0
304.0
263.0
191.0
333.0
259.0
176.0
304.0
244.0
274.0
220.0
204.0
310.0
221.0
177.0
238.0
214.0
248.0
295.0
310.0
297.0
220.0
175.0
228.0
341.0
209.0
250.0
184.0
330.0
287.0
305.0
232.0
300.0
242.0
324.0
201.0
243.0
285.0
243.0
222.0
170.0
268.0
299.0
187.0
190.0
204.0
169.0
182.0
290.0
342.0
148.0
298.0
314.0
279.0
198.0
332.0
201.0
179.0
166.0
217.0
305.0
208.0
223.0
297.0
318.0
294.0
258.0
245.0
193.0
209.0
220.0
226.0
299.0
255.0
160.0
194.0
336.0
253.0
231.0
198.0
309.0
211.0
247.0
337.0
339.0
213.0
169.0
170.0
211.0
300.0
316.0
206.0
264.0
321.0
238.0
336.0
236.0
188.0
190.0
331.0
317.0
186.0
190.0
213.0
273.0
200.0
198.0
274.0
208.0
238.0
227.0
314.0
282.0
329.0
171.0
246.0
220.0
274.0
269.0
214.0
227.0
177.0
177.0
148.0
237.0
329.0
230.0
277.0
164.0
313.0
175.0
338.0
157.0
222.0
264.0
340.0
239.0
321.0
156.0
302.0
241.0
268.0
177.0
305.0
203.0
280.0
251.0
299.0
234.0
196.0
154.0
218.0
206.0
322.0
189.0
333.0
161.0
266.0
157.0
262.0
206.0
273.0
236.0
346.0
215.0
278.0
252.0
256.0
148.0
268.0
190.0
325.0
263.0
218.0
240.0
257.0
255.0
208.0
252.0
279.0
212.0
222.0
147.0
253.0
245.0
238.0
211.0
150.0
303.0
223.0
204.0
305.0
303.0
163.0
213.0
226.0
238.0
169.0
249.0
158.0
198.0
187.0
194.0
259.0
173.0
172.0
215.0
213.0
256.0
228.0
228.0
213.0
190.0
160.0
228.0
211.0
229.0
144.0
224.0
257.0
153.0
220.0
190.0
206.0
147.0
132.0
183.0
155.0
161.0
230.0
257.0
166.0
149.0
215.0
249.0
179.0
248.0
327.0
177.0
277.0
316.0
276.0
198.0
277.0
212.0
225.0
327.0
228.0
300.0
290.0
170.0
303.0
307.0
253.0
345.0
304.0
267.0
263.0
267.0
217.0
257.0
247.0
196.0
209.0
144.0
156.0
169.0
147.0
247.0
267.0
184.0
175.0
263.0
