172.946
263.0807
177.2723
166.0302
88.3036
71.1023
104.4378
101.6029
97.9033
77.9917
84.0088
86.9715
99.3366
94.1559
67.4276
60.2024
61.5744
402.4566
555.5506
482.4033
541.5898
387.5503
536.727
310.8261
323.8548
283.3774
273.39
383.3197
320.9366
263.7848
175.8313
377.397
274.8635
162.0384
132.8476
92.9963
99.357
75.9862
46.1154
68.7663
83.4447
73.8625
88.501
68.34
86.749
63.7982
103.5502
52.9525
82.916
78.0135
51.3374
66.7705
84.0524
72.0541
49.7348
88.4343
98.0666
67.0107
86.1631
86.577
51.6415
51.8401
72.4139
55.4429
62.097
400.5514
355.7501
212.5151
335.4904
404.4676
410.777
266.9621
467.9609
373.0199
297.0491
324.3808
387.2502
312.4911
312.6383
342.1353
382.5686
212.3856
395.1539
402.4175
227.0274
246.6956
205.4545
382.6528
161.1806
173.637
245.2829
319.2983
238.5057
403.4655
493.4916
487.9787
594.935
496.613
243.6135
274.4017
583.3513
128.3334
204.9919
209.0325
247.5848
219.6734
164.1621
135.8595
317.6595
199.7089
169.2605
101.9452
101.5323
74.2206
65.7254
59.6227
63.9898
396.9939
58.9874
344.3904
71.2705
265.6129
103.608
409.3708
174.8696
401.4532
334.8246
270.2159
410.3574
213.2324
302.7832
248.893
175.9663
273.6961
331.9511
254.6084
350.2661
572.737
609.1901
382.7299
582.5991
334.8395
578.284
408.2541
492.5952
490.366
242.2523
390.8568
582.8915
325.6351
511.579
160.0072
322.1981
127.0884
333.8041
170.7528
242.4673
302.2985
292.7116
204.365
227.1301
163.7534
246.1097
147.4395
170.4288
65.7249
98.4674
78.1267
50.2278
101.0222
74.3322
53.7873
55.3161
389.5584
392.0016
226.2773
404.3477
215.5438
171.5234
322.516
145.2699
488.9514
495.1674
463.64
307.1289
325.0587
166.8787
248.4036
287.8479
185.238
210.2206
201.6413
194.4404
245.6019
270.3256
234.0342
196.9158
227.8362
106.8783
182.3126
244.2506
218.2624
240.6452
113.6192
106.5487
219.9568
104.2077
162.9617
159.7397
110.1342
246.7037
490.1847
555.7134
340.4206
246.3304
615.7096
103.2302
63.3976
71.3811
48.1955
59.0274
56.1287
78.9807
104.5357
159.0251
246.9716
179.2323
100.7561
172.6551
162.3555
135.3067
210.6542
210.1086
217.5931
200.0395
199.0943
133.5948
210.3358
205.4578
232.1616
110.2231
172.977
100.8998
140.062
136.6074
242.854
139.0622
200.3074
224.7299
241.705
278.5851
144.9216
254.8668
154.6499
230.6246
158.8836
323.3828
173.3018
400.0041
107.2388
391.2001
151.6985
270.3042
124.2684
227.5111
177.5818
346.834
115.8177
410.4504
101.1389
289.9742
161.3467
323.0086
120.6524
360.0686
167.4744
181.9743
179.5959
214.9606
163.753
228.2588
158.5452
334.5037
184.1157
255.1245
143.8618
176.4786
167.9042
345.8809
151.4417
227.3321
118.5936
290.5316
209.9081
407.0054
244.2918
299.6463
103.4627
295.8533
175.2813
186.5414
203.7866
218.2311
124.0967
224.94
158.1326
171.2415
196.0522
212.6845
227.4045
376.2074
232.0521
168.9175
223.1091
221.9412
213.5506
275.5987
123.954
231.1921
271.9019
219.2378
237.345
368.9791
238.5636
104.9974
149.037
230.8377
107.9754
383.1798
213.4331
98.5101
396.3479
171.5231
189.9702
224.688
172.8391
164.1717
313.4545
237.0934
242.1526
213.1581
240.9907
141.6925
305.2171
120.6927
161.1864
204.6514
165.3224
131.8982
351.7778
192.2453
180.3941
344.3649
137.2238
118.4907
215.8016
202.9937
108.8697
152.5931
184.4013
243.2536
207.5711
234.0914
232.4909
170.769
246.1453
122.9462
187.7579
147.4149
201.2721
388.6632
118.121
193.0874
339.9845
246.221
156.5861
195.1761
178.878
211.0459
258.7117
156.9839
107.118
267.6343
154.1172
148.3104
408.5273
181.7113
152.0011
234.1139
96.8347
117.5268
394.58
206.2455
189.4196
158.0396
181.8005
177.8491
332.6954
188.5203
111.0493
396.165
127.4153
210.3623
165.6306
155.4522
135.0447
338.0198
170.824
177.7961
186.9646
220.1078
128.865
239.0175
189.2521
155.4601
270.2904
231.9985
166.0669
286.6421
173.8645
127.2893
282.669
220.8157
140.2825
153.4953
110.0351
162.1049
323.7213
99.63
136.9294
308.4587
159.749
244.6498
175.2782
189.5389
238.7934
245.8361
109.9474
141.6751
259.1775
245.9588
219.4545
260.0703
224.958
195.3106
226.5883
223.2178
230.6157
364.4815
241.7438
206.1658
161.1607
184.8162
227.7298
398.4596
97.5357
189.0672
306.3451
223.6841
206.9042
160.6447
152.5014
195.0497
384.3882
167.9742
144.901
325.8604
229.4401
154.1807
200.8116
205.3908
155.1346
282.9233
114.0759
213.0058
395.5902
218.7666
195.905
380.9286
123.3626
205.8661
198.7983
203.5575
164.6924
245.2198
203.2933
95.0491
202.1513
218.1414
216.1723
244.9802
218.0498
192.6949
392.6705
188.2624
235.6976
366.2382
174.9084
161.5903
258.6125
99.6761
232.3312
319.0621
166.1569
246.4457
246.8484
124.0131
106.0957
237.8205
176.3624
191.9589
365.0483
160.0855
104.9449
238.6212
208.6665
194.9321
321.3154
200.3258
158.0482
182.3899
211.3694
118.9191
282.3359
161.7557
225.312
215.5377
227.9011
143.3397
332.6516
232.8454
246.652
166.7654
97.3637
208.7112
300.3308
197.8332
128.3628
244.2878
219.1635
159.6047
398.1061
160.5373
172.0198
354.6141
179.8402
201.1492
329.9654
96.4021
129.6819
316.0018
183.0337
229.3628
315.2253
106.4823
233.7525
310.8067
216.6165
114.305
177.2853
106.2797
188.6882
295.183
214.3555
164.0024
372.5516
179.8061
192.8351
369.9412
115.0515
136.3124
240.4401
172.9618
118.0042
324.8535
233.9434
95.3512
285.9097
234.2732
171.987
172.3015
163.2477
104.82
329.6437
167.2498
129.0456
280.8913
215.0401
100.529
157.7944
141.0791
223.4986
157.5156
106.2728
176.6258
273.1185
123.0891
133.8618
347.3261
122.5576
122.4969
188.3769
107.3694
195.5841
349.1795
104.4279
224.0241
411.0421
187.1524
213.2601
295.3579
189.1323
173.8343
221.644
154.0185
198.2835
210.7123
112.5961
244.3961
146.5092
172.697
139.2426
207.865
214.0241
241.2758
277.187
184.1993
183.9441
203.7079
185.7021
155.5752
293.5256
168.2286
133.7895
366.166
104.8938
106.5381
337.1552
136.2737
235.3119
387.0497
149.313
123.5186
289.0503
193.5027
220.018
226.8027
120.4866
96.9692
404.89
208.5371
152.2666
306.0528
152.4136
174.8161
163.1001
125.3939
119.7495
235.1091
222.2554
169.5496
310.7547
117.3465
158.2286
199.9001
161.3853
164.5683
343.9339
242.1662
169.5155
373.3306
108.9543
241.7793
147.6761
188.1648
177.2713
406.6379
140.2218
144.1635
214.3309
188.6736
117.0336
396.0621
178.233
160.979
409.9138
125.0509
186.9693
199.9963
116.0105
147.4866
153.979
131.0235
146.1851
340.7675
201.2648
173.5388
171.5717
158.1288
238.013
307.3001
126.7139
124.0904
345.9889
155.2333
156.5256
236.1482
134.4377
209.6444
284.3686
186.5654
137.6222
292.7358
238.2793
177.8602
144.5499
234.4125
201.359
410.1254
234.1413
137.0133
149.1828
172.5893
199.7893
281.2411
96.1101
243.7032
259.7423
239.0009
162.4072
382.2025
110.6798
135.1708
266.8864
216.0804
95.3828
217.281
97.9287
196.7947
166.5226
110.5934
121.1057
287.9718
195.343
227.7983
328.9851
145.264
169.1436
371.7775
233.0629
210.911
363.8967
205.8847
188.5579
274.5334
164.666
222.026
212.3273
274.5405
191.8988
336.2911
136.2082
400.0718
178.3741
390.1735
240.7753
347.572
213.7595
254.6497
178.4538
155.5278
189.0395
343.5151
199.616
255.1202
240.8275
268.2489
195.1337
296.8051
135.4037
321.3119
240.6615
242.2155
129.8239
344.3731
135.7578
406.8856
129.5442
345.9831
153.4607
320.7782
99.9684
250.2983
240.3696
351.7358
138.6072
340.6094
245.5315
165.2692
200.9764
402.3506
149.7699
283.1956
199.1741
308.3387
120.1773
186.4517
196.3485
197.2442
109.4352
123.7845
101.4794
103.2431
135.622
130.4898
301.4055
198.4155
411.2536
117.6863
411.3103
206.1295
193.9983
148.1999
125.9259
238.1357
146.4448
163.528
128.192
122.7048
209.6338
172.719
229.8296
149.8269
221.1794
522.869
296.2274
134.8334
274.92
195.1592
144.7837
202.2124
271.8343
296.1644
302.6224
257.4895
267.52
126.9807
231.0583
307.6201
252.2575
124.8604
235.4697
260.8143
137.6515
277.021
307.964
216.9669
189.7571
272.339
137.514
136.3687
230.4984
244.7353
166.5212
152.8059
224.405
142.8329
163.9283
294.7781
306.9262
175.1867
213.8666
285.8739
238.6459
317.7883
217.6586
232.3432
212.1619
216.6416
229.3499
136.5895
289.2809
230.9831
45.0663
187.6799
129.9728
254.1869
212.0639
254.0291
292.9377
151.5535
162.0696
153.1636
123.8038
271.0145
280.3804
150.9068
236.6157
230.3253
367.494
133.4496
159.8346
298.5242
289.0924
326.5801
177.6386
128.3495
163.7735
238.8455
210.4176
203.8917
130.8387
193.6053
130.6533
326.0403
170.1771
282.8055
293.8574
233.2512
276.2016
254.8664
320.909
288.8137
253.0103
252.324
151.993
190.1399
134.0185
243.7998
327.3826
252.626
325.8989
55.0226
172.5438
44.9337
280.7445
65.8272
190.4601
102.4513
210.6299
85.4579
270.6794
72.5722
239.2016
87.892
224.3859
74.2861
249.5635
64.7075
293.7755
47.0468
224.5504
86.7038
240.19
72.535
328.4987
80.6146
208.816
82.6125
288.8201
104.5023
172.3052
95.1563
243.0773
64.7001
237.402
86.7824
234.8333
81.2955
239.5837
85.142
273.3127
69.1121
124.8297
58.4891
219.8608
77.9639
264.9257
43.5726
264.3299
63.6051
283.1969
93.6134
166.8427
64.3044
301.2294
70.1693
300.9019
102.3086
183.9998
101.0798
272.5119
66.6526
230.8753
90.4205
140.8694
87.7993
139.1813
67.4681
215.2559
99.469
177.4527
52.1035
186.0279
76.7355
301.0903
85.8404
279.052
77.0258
323.943
66.7788
228.571
71.0686
239.3148
73.2326
313.0609
176.6198
45.6615
249.5568
296.6727
81.5912
217.843
152.9426
100.6736
204.899
225.0134
72.3649
320.9964
319.8142
54.9106
154.1118
212.6961
92.9764
150.3892
267.4564
72.1384
279.0149
158.3724
67.3391
162.5232
228.8908
102.1363
166.0087
221.5495
75.969
185.0915
210.324
65.6938
124.5584
295.4992
70.3271
180.7114
215.6915
47.0374
259.029
155.5929
86.8753
229.243
302.6057
103.7624
210.5041
243.0605
103.5543
266.1981
304.8289
48.1626
303.0718
139.7024
48.6135
240.9657
157.0765
88.8035
63.9099
308.717
296.9482
53.8094
92.1213
283.3022
195.3376
42.6127
42.3856
233.8796
221.0972
76.5537
70.8337
191.0525
126.9846
57.0797
74.8687
128.3791
190.9273
42.9791
81.7465
273.8892
223.1102
102.2684
62.9179
220.8227
243.4822
79.4245
42.5613
149.6128
246.8668
42.4949
61.5455
245.6378
160.1419
104.0446
87.7174
231.4495
231.9197
44.9208
61.9094
258.0592
181.8143
48.4351
62.4026
307.4225
301.7242
94.7686
58.7701
313.5144
187.5866
86.2143
51.0531
314.3185
138.7778
75.2641
79.099
225.679
237.7386
66.5411
49.6049
220.2756
206.4932
59.163
52.9759
256.9766
283.5135
75.2999
56.5085
307.514
285.8421
96.464
53.6615
144.7963
193.5467
93.4326
46.2685
314.2336
210.4176
58.6677
63.4817
304.2015
268.3493
76.6492
61.0194
272.2017
319.0647
52.6837
75.9105
241.4028
199.7461
95.4961
104.4
160.055
226.7249
43.2426
99.9887
181.7692
251.6661
64.5135
104.7377
281.8384
127.6466
47.4187
89.9645
225.6506
250.1834
53.9615
104.3044
211.8044
244.6072
75.6185
90.7925
254.7852
262.208
51.3473
91.1561
171.9967
269.296
80.1398
86.879
155.5649
301.7235
71.7309
102.8174
314.6413
278.5075
62.158
65.2091
182.9328
161.9717
82.5429
49.8229
230.8682
130.2913
62.7447
63.7428
310.1858
317.4817
43.3925
45.8774
234.7882
163.7098
94.2733
54.717
139.4555
153.3416
62.0976
94.1463
255.4468
309.3492
84.3186
95.2397
175.1411
130.6123
53.9171
73.9378
254.6794
125.2347
45.9038
59.3132
164.0684
128.2805
70.715
42.7891
166.3917
264.297
73.703
45.1741
145.647
261.6507
88.5386
65.7183
288.288
163.0388
96.5516
47.5843
224.8001
228.5738
73.8395
59.1528
224.5704
182.5501
88.3733
83.4627
281.9401
290.4106
93.3185
89.7971
297.6342
210.5198
69.376
84.9924
267.7636
248.1296
59.1252
72.4514
128.2805
174.3936
64.1249
87.0902
134.1384
241.436
102.8928
94.5419
259.4718
139.3252
72.8462
54.8763
151.8573
246.3324
67.8374
90.8757
184.1521
188.0694
65.0679
98.5297
151.5314
142.0073
88.9039
64.8814
197.1558
125.4668
83.453
74.6668
189.3956
209.4522
88.6881
52.3469
328.7294
131.6669
57.4304
46.129
247.3014
327.7031
64.6151
47.4168
174.6881
243.7391
75.9789
63.8174
129.6689
305.1081
97.6056
63.3603
193.7321
304.8194
57.6704
80.9602
153.6726
126.5157
99.2091
75.3723
149.9446
217.4424
102.8267
69.9496
190.4337
184.7863
85.9366
49.4183
317.9967
183.2047
56.3964
49.6356
228.4919
174.5217
84.2701
87.8861
202.0807
250.4113
101.9069
61.7129
326.3323
321.4135
45.5831
45.5544
283.097
190.8503
64.5966
87.5876
138.2376
226.1077
102.9492
64.1416
206.1169
160.347
94.5836
101.8604
309.242
128.9841
68.5719
87.4457
261.6448
177.2436
61.676
96.3136
258.4586
183.7496
47.314
88.8372
293.7043
212.4549
49.1788
50.0379
311.554
177.2425
88.5585
49.6162
313.2699
264.2466
65.8035
89.086
126.6438
124.3478
90.3809
65.4971
143.0696
254.3866
71.5358
86.7895
241.3823
158.4205
51.7636
92.2296
209.2801
251.8153
43.0663
50.6266
230.52
249.1164
91.3321
54.1215
291.1396
139.4866
72.1405
74.2763
198.7019
125.0285
44.8446
46.9717
301.0004
157.5239
64.9332
98.2464
230.7805
242.0271
44.415
67.6769
214.8458
305.3439
75.3021
53.2116
301.4168
157.7024
96.1992
104.5234
238.793
138.8932
52.5272
93.9495
313.2427
199.8081
91.0261
51.9255
288.6083
138.6481
67.8914
80.5095
190.3581
214.1041
60.2035
63.1224
176.7552
313.5249
84.2059
62.0029
211.4361
146.4972
63.4783
80.0953
304.9999
203.3502
49.1388
69.1496
170.2108
261.8777
56.8837
67.7161
240.0987
168.0388
100.9504
57.4698
328.619
295.5504
103.9514
100.8899
223.589
195.128
60.9903
102.7554
175.3716
180.6596
49.521
99.2029
212.2079
130.8164
49.0638
84.2093
324.226
308.5043
59.1266
90.3374
160.963
141.1565
104.5215
59.3886
165.7352
154.1441
103.6902
72.2648
162.3773
261.5481
50.6772
93.8393
211.7444
125.1934
76.0043
71.9803
136.9315
210.1827
99.9116
88.0573
201.4112
213.2024
99.2319
69.2886
263.2297
280.5856
66.5648
97.1655
157.0205
202.5229
99.4061
99.9043
297.908
265.9052
47.4749
79.4398
299.3698
269.0582
60.6587
48.8776
312.8134
217.0984
90.7676
104.5748
315.9957
234.7949
66.6593
47.1073
278.4729
296.6585
43.2514
52.3226
175.0181
327.5157
66.4943
68.4531
300.3793
131.0362
89.5256
52.8934
196.8723
166.5903
74.9664
49.7084
276.1148
176.4017
54.6553
101.254
207.7054
163.2444
84.0466
44.4457
264.8373
247.8945
94.0187
65.2102
327.7085
305.2047
48.9567
63.4964
234.1523
302.0125
54.6834
62.9117
231.1586
205.1174
76.1147
89.5762
166.8933
167.2857
100.4158
67.1641
152.4442
223.6399
73.9227
76.3184
325.8354
325.8853
42.1805
66.686
165.8471
233.6042
96.1284
72.7266
289.8646
132.3151
60.7332
51.1975
292.355
265.1488
103.2395
62.8082
164.6262
206.8345
42.6649
47.9771
124.2771
319.2194
88.2228
70.9011
212.1764
136.761
59.0009
75.2734
211.9371
190.336
79.4678
90.9544
139.6597
180.3016
58.2114
82.7081
298.2165
191.0247
53.7452
43.7763
162.5366
269.0597
74.238
90.5581
250.2216
219.8128
59.6408
45.0086
241.3839
162.8683
60.8932
62.552
318.8484
228.1864
48.6962
85.3421
328.7916
130.0955
54.7363
299.1496
260.7494
86.038
322.4424
194.7182
56.3544
178.2894
272.1553
98.4685
252.8549
263.5877
43.6047
251.8475
168.1646
74.36
216.7804
254.2408
67.3794
264.7256
158.3091
91.5479
134.3623
170.5333
94.5113
145.73
125.5059
89.1624
141.5307
134.6144
45.3139
130.8648
241.9678
94.7485
165.2458
131.4798
82.4085
233.8147
198.9961
77.161
269.107
328.3555
65.0022
209.1197
215.244
50.0556
175.4497
327.3001
77.4085
228.2516
292.8247
56.9729
278.3354
216.5727
92.581
258.399
240.3575
88.4035
328.2183
309.1922
98.7883
152.8572
256.3276
90.2596
219.2253
195.1707
102.0397
171.1354
282.1613
53.4153
188.3838
328.8879
84.7945
182.4144
218.3814
78.8708
125.5195
272.5197
103.3773
215.0126
317.8402
101.7361
173.4546
191.1459
52.9753
178.769
170.1039
52.1007
162.3792
202.7345
69.4174
216.5123
218.8568
68.5835
148.429
166.5082
68.0079
316.3288
273.0588
82.4504
127.4633
207.8925
82.6021
164.5108
218.3576
99.8121
291.4461
222.2632
46.0128
230.7098
257.8335
55.1019
276.6288
320.7676
79.6225
260.8277
147.9549
97.4874
198.6301
323.5931
102.1488
149.9755
163.0915
65.6493
237.1724
68.3259
193.9949
94.6373
205.0623
82.7001
254.4882
280.9689
67.8703
265.3171
303.9955
90.5101
171.1468
277.7355
76.3307
134.5535
179.7873
70.1162
158.1652
290.0167
92.59
320.0673
171.2543
72.843
253.1067
304.114
68.5501
246.512
282.7763
81.554
243.3346
154.2904
49.6426
324.0865
239.9665
62.7344
298.7747
183.6619
84.7107
274.7464
252.3539
58.7056
201.3545
207.6695
42.371
167.8771
312.9184
87.8863
208.2359
210.483
58.3694
197.8009
236.8164
77.9801
313.7928
179.4398
75.866
228.1729
322.0349
65.0343
171.3689
137.9426
80.3794
243.9739
265.8125
145.8098
323.1251
251.6143
251.7573
287.4408
174.2931
171.889
256.8789
263.3545
266.684
244.6619
281.3841
299.8453
219.4656
246.753
230.4789
202.7647
304.5754
145.2892
287.7289
290.7282
161.071
162.4862
124.442
324.326
137.8094
181.7928
183.6036
280.5522
191.6742
290.949
162.2627
247.1198
388.7086
175.6181
308.2131
326.6183
224.682
214.4308
336.6423
174.7204
246.9519
291.764
140.1455
135.4533
326.8585
227.2141
174.5238
379.0379
154.4102
280.4037
350.4515
255.2957
238.0201
189.0668
313.1084
178.5091
153.2481
315.4358
309.6715
348.1805
157.4652
176.7729
157.3842
251.7054
288.2208
202.2779
157.4044
310.3123
310.0961
234.6463
207.2277
192.1427
174.3874
340.802
258.4561
180.0356
364.7412
393.6145
311.0691
255.8987
243.5069
299.3843
326.0464
124.5613
234.8828
191.6289
197.6632
312.4172
344.6147
294.7028
151.2196
310.5351
235.7416
331.1436
148.1229
291.2008
410.7301
405.0546
134.6026
259.6667
235.7914
359.1286
179.879
167.3792
180.4957
363.0816
190.343
253.1447
390.9992
238.314
280.2199
204.5637
240.274
197.5287
288.3026
291.6248
387.6788
374.8333
242.6295
319.5998
317.0345
305.5187
224.4682
271.3138
323.0651
325.2502
223.6356
195.4895
396.6425
407.8269
175.0396
144.1745
255.7191
224.9532
305.3779
172.2587
393.1585
390.642
139.1558
323.7738
348.8738
202.9029
284.6085
319.0417
325.7568
208.2957
134.7214
177.7969
380.829
350.7153
136.3334
292.1572
346.8742
376.4464
179.2934
327.7532
411.505
397.0672
209.8096
163.4485
300.1968
364.201
169.4884
313.8946
173.2655
181.4055
266.104
188.6616
162.0952
300.6596
235.8732
126.8718
181.1168
211.9482
225.9297
215.1354
375.1161
222.3669
141.7983
151.1509
388.3955
319.9574
191.9672
303.5757
345.1422
195.7109
350.4165
189.0279
259.0916
385.2731
186.2773
343.2936
241.4871
162.096
395.5
173.7848
402.6366
322.1785
295.9924
349.4798
161.9899
166.4126
260.078
183.0843
229.1113
145.801
154.776
308.8523
173.7758
223.736
110.2363
327.0317
320.1228
198.3126
203.8728
148.9439
214.7348
315.1265
253.0603
348.1708
213.7927
293.2753
133.6175
280.8187
213.8844
190.311
376.7239
174.7142
326.1018
185.5099
240.4303
268.5513
152.6126
325.3461
156.2196
150.8634
358.9928
307.0315
190.0444
278.0611
237.5393
188.4233
326.3542
305.4552
267.5496
234.5378
314.6222
206.133
223.4496
311.605
236.2825
399.0311
293.5048
279.0752
390.85
181.6405
325.6356
127.2913
147.9673
196.4997
191.62
247.6783
285.9907
181.2566
173.5641
103.9109
280.9114
160.9492
186.622
368.5341
108.8289
405.0644
271.6322
256.8931
185.9485
137.5764
189.3982
177.1858
277.6706
159.9507
98.616
223.0907
259.5635
307.9655
277.7053
238.2331
246.2121
272.1989
140.8764
324.1369
126.9408
325.684
208.5549
302.6246
316.4262
221.7386
189.7753
254.0387
271.1208
390.9967
150.9237
302.843
219.4461
212.3707
180.0293
115.1538
346.8774
239.8372
258.9963
247.8684
200.8151
255.9549
178.9258
247.3509
146.6544
152.1337
346.2291
287.9445
166.1182
230.6625
113.3892
269.9174
146.5384
322.0096
305.9665
109.4495
194.744
321.0395
160.7599
304.4177
113.5175
390.9479
280.929
160.0822
369.6891
197.2944
316.6224
309.7463
230.7045
176.3996
140.5683
275.0974
260.5867
263.2793
374.1272
125.8312
351.7199
167.3336
155.2712
155.9176
246.9773
216.0085
226.5098
211.4931
371.8089
138.6083
306.2244
144.4512
195.8902
352.6333
128.1858
250.6609
318.8702
278.4772
220.8565
108.9007
153.104
286.7895
226.6649
206.816
246.4904
165.7194
267.6362
178.6572
238.5027
136.2057
221.0832
240.2025
210.586
330.0415
230.3717
148.2938
165.7242
216.9781
232.9992
170.7068
410.1748
160.8915
185.6778
159.781
165.6896
198.8085
202.2763
252.8668
385.6457
224.0265
369.3825
197.3029
124.8248
262.9999
95.2691
176.2941
242.5395
258.8768
178.0019
183.5311
310.5928
202.5622
241.4998
191.2823
387.5238
165.484
240.1697
176.2203
117.0019
188.3423
335.6013
318.5926
254.4983
132.4368
184.255
293.0557
236.9852
140.9861
109.0291
305.8309
372.5501
198.0891
228.1755
168.4016
385.5566
397.2872
285.7943
123.6841
96.5541
220.6631
252.8681
283.735
304.9089
107.22
270.3729
314.1129
169.2465
281.079
112.9531
178.7722
227.3615
251.415
319.621
112.9094
294.9124
407.5297
318.1945
269.8078
112.2608
150.4949
294.8508
291.6469
205.4517
139.5855
394.3557
212.6958
176.0518
202.6987
208.1408
155.7439
281.3295
250.4165
219.0533
190.1653
157.6774
292.7398
324.5385
323.1707
243.3986
353.8459
351.8481
251.4343
247.6918
163.4333
385.8175
166.7883
252.1841
215.7322
146.0739
235.1849
345.2254
259.3778
172.3023
112.5028
377.0087
324.2736
156.4098
232.9844
174.7871
408.1501
302.4463
148.7559
165.9914
202.9328
173.9993
289.1007
292.0272
207.2559
182.0928
153.9092
170.6165
229.9028
186.077
275.1458
124.7546
402.3495
308.915
213.0507
217.0472
221.6708
350.1808
319.532
237.6666
163.0066
286.4782
234.1585
326.4948
168.908
308.0436
137.1306
400.5311
317.973
311.8097
243.91
233.3615
268.2476
264.7039
222.4951
304.3248
97.8883
296.0908
300.356
160.4189
230.7862
287.8944
348.8806
255.4199
149.2281
257.1458
188.6067
239.5904
125.7616
269.1774
118.9302
159.6406
334.2702
237.9489
322.3475
347.3127
160.4395
382.8784
224.8339
168.486
225.1704
121.6913
411.5601
310.1548
276.0289
102.3793
246.2562
359.7454
155.1582
188.8252
172.1973
331.5733
355.289
289.2177
184.1354
137.331
359.6115
270.5844
239.3924
203.5951
406.7208
177.4856
193.0805
323.7378
130.9241
198.3649
204.8965
354.1475
241.7372
195.1702
243.0461
254.4347
186.3126
297.0031
203.1817
210.2206
390.6822
371.2664
166.8411
128.381
154.139
406.144
201.4932
202.5267
139.6339
127.7399
260.3943
185.4403
281.1189
171.4611
317.7229
202.043
231.4845
145.434
243.2705
203.5565
366.0479
361.1139
167.1614
178.4403
212.8272
331.2174
332.7485
127.6852
317.6282
189.1157
393.9231
309.8976
260.3278
196.5005
189.0522
387.0921
331.2822
260.3935
142.743
175.3222
400.9609
186.76
230.6165
308.6481
189.0902
132.9913
354.418
151.3232
255.0366
218.5159
278.1586
167.3452
158.8435
317.6073
115.7806
384.4307
200.4134
263.9113
316.932
183.7921
306.1339
160.2474
228.3393
211.7507
163.9212
144.7903
167.6603
252.454
209.5683
119.898
370.1368
212.6894
237.5688
265.5033
189.1475
255.3192
327.015
173.2692
256.1195
115.1589
245.8086
150.1815
168.0512
126.5731
135.5494
153.369
261.4805
286.2238
197.4306
199.1467
215.4317
404.1378
236.9086
273.8538
126.7728
155.2057
194.2378
144.7772
325.9223
212.5349
307.0955
293.0537
291.5009
229.4466
173.2131
362.4153
292.4951
158.1015
269.9219
174.1681
335.3384
399.835
297.5531
249.1733
97.5834
164.7239
168.1581
298.6243
218.16
142.5677
211.2396
368.538
233.5865
213.6587
117.1453
296.0699
228.9633
274.8875
137.4967
100.5341
401.4041
232.6458
313.4052
153.7297
147.8346
314.2213
375.1853
236.6003
170.8566
227.8804
393.3855
229.7699
172.9326
307.8709
127.5925
313.4719
405.7599
248.5077
141.6629
172.0825
183.123
392.2072
173.3694
250.9345
160.0435
210.3486
195.742
220.8088
266.0524
228.6894
336.9188
158.1835
319.9447
259.5224
146.5286
252.7525
411.258
256.6024
150.0662
188.3327
144.0038
344.1317
141.4342
239.5032
166.05
258.6857
252.9725
258.7568
129.5718
152.1851
249.209
318.4383
253.0455
193.2535
136.9357
276.0023
175.7603
293.9036
303.5557
103.2158
384.6969
186.3796
204.639
239.4044
107.386
211.9825
335.5914
138.4055
241.796
128.4031
360.8631
210.2864
252.925
173.3328
99.2984
330.6539
306.1576
328.3151
277.8958
182.4095
397.7968
210.3322
204.1031
287.2814
138.0199
392.5732
238.7151
321.9092
324.8321
196.6781
156.2025
274.9345
262.4911
188.5817
344.2042
367.2976
243.6124
98.9018
328.8674
373.2418
150.0748
225.0589
265.2109
358.1945
163.4642
172.6669
207.622
150.0815
293.248
221.1132
372.6565
305.5241
210.8707
187.8618
212.6254
409.8967
92.4328
266.2885
184.3618
219.9886
191.9968
100.5157
226.4509
199.4077
383.8755
151.9386
49.9025
311.705
109.7855
163.3379
166.6962
74.4445
164.9469
166.427
231.4265
322.3735
96.7257
300.0586
163.16
205.5657
319.5786
97.7807
254.3462
125.4586
397.9289
218.7997
71.8144
242.9767
239.1924
349.813
381.7793
43.92
135.4158
171.3774
314.0139
340.8897
87.7984
285.8657
214.9254
325.2012
348.5078
91.4762
303.702
153.3944
342.2931
246.3902
90.0252
295.9117
101.738
390.8319
211.048
94.2806
255.5304
131.0562
169.3585
159.1221
45.5601
274.0798
197.3447
263.7876
224.7578
85.3824
136.0056
222.2456
145.7827
164.9804
69.1863
149.1145
173.7964
191.131
373.0696
88.0487
327.012
147.1812
214.1186
211.9346
45.4045
189.5396
141.4796
145.9053
367.4896
52.7642
211.2129
140.4176
176.8997
378.0282
69.4334
179.6582
193.1169
363.1342
183.5987
46.2314
232.051
190.8454
232.6399
335.379
69.2095
243.5527
99.7668
267.8218
329.0517
62.3705
245.7484
193.691
171.8337
154.179
57.3869
227.0846
222.8237
350.9529
235.5777
85.3197
139.3064
102.5168
180.9558
302.6944
68.3375
315.8951
146.018
293.4924
402.9801
89.4349
242.5057
233.2211
306.4616
307.2656
95.1512
211.4044
195.416
306.386
255.1363
102.2895
297.9061
200.0383
186.787
360.3072
89.6353
160.812
223.4199
326.5597
283.9981
78.675
284.8469
131.5385
392.3482
248.3083
88.3152
133.0968
216.7679
284.92
173.5916
89.6007
213.4466
214.6279
281.5418
155.8318
86.4339
231.017
144.5342
374.3539
408.0169
70.2933
124.6029
238.5486
144.7453
397.515
322.0169
448.2923
426.1999
340.5785
382.3465
334.9859
565.5423
427.0849
519.0635
592.6918
346.2215
556.8644
355.079
335.2394
278.1475
489.2138
532.873
264.3139
393.6083
420.1839
555.6695
590.7773
259.2339
379.1798
429.7096
596.2592
290.2245
458.5648
311.1362
371.2124
292.5485
614.3461
362.4873
601.1867
279.3759
449.032
337.184
549.2817
337.9804
234.9081
355.6954
322.605
536.7177
244.3027
573.2651
432.0885
557.4687
393.8862
605.1916
539.1878
343.1203
579.6813
479.6712
255.8317
285.2531
389.2486
466.1302
606.4753
387.1999
489.4561
400.8035
252.2583
507.0483
433.3434
526.0471
329.0763
553.9698
313.8466
396.5141
312.8297
337.475
272.5628
382.8688
362.2329
588.8215
606.3045
316.1637
542.339
294.8286
483.9172
546.3675
333.3621
397.7898
368.7171
389.7902
408.4673
373.0191
348.9436
508.3294
480.9366
287.8121
435.8149
557.5324
417.5181
539.263
472.1255
442.4574
447.8198
397.436
307.8342
301.2038
384.3175
274.8594
405.7481
302.7772
451.9156
579.1846
572.2352
454.6605
333.0181
383.1326
405.8666
526.0654
577.7493
558.535
554.0266
522.3583
586.2967
426.3737
453.8127
596.5718
539.3406
290.2174
462.997
451.2432
377.1815
569.3621
497.414
253.0517
445.4825
528.2925
549.9049
576.8691
541.499
616.7995
599.8537
553.8807
513.2909
275.2131
603.4266
454.3894
241.6782
234.7394
545.8456
579.7708
452.6354
509.8284
534.4144
444.8146
365.4002
611.8415
465.5497
586.3562
488.8174
327.0357
591.7646
447.6815
294.3325
252.0369
302.4057
300.6696
341.607
442.5397
615.9467
608.029
494.9342
282.9319
259.8085
301.2783
234.5022
386.9236
512.9943
495.3243
499.0729
290.0357
244.3019
346.5992
443.8244
320.9906
397.5094
241.7337
321.9396
165.8063
534.319
182.643
257.8754
265.4754
601.3354
199.1482
567.1909
199.0393
273.7714
305.3033
103.057
399.8068
47.6047
291.6855
266.757
100.6866
168.157
467.5498
76.7742
380.4022
410.7322
55.3657
374.2756
498.6316
83.4311
67.8693
209.3508
372.6829
68.3592
84.4833
167.2754
555.8475
74.3154
91.3022
258.3149
274.2664
86.8922
82.4487
144.701
258.261
62.6548
88.5432
304.751
460.3351
104.0116
72.1965
288.1109
559.5011
96.3014
86.7335
257.2664
435.0538
101.024
94.6115
177.2559
551.8842
54.7547
88.0539
293.3764
269.0967
50.6562
92.6324
327.037
347.1348
63.5172
65.869
230.4129
70.7083
44.2982
287.9577
61.3207
56.418
352.1791
61.4154
157.7186
78.1581
155.1076
60.6752
403.5468
44.1498
292.7206
69.3866
391.9887
53.1841
367.7769
44.0319
216.9587
48.2977
329.3921
59.822
210.7521
66.1748
406.3903
83.1169
388.6024
55.9834
244.2852
75.9663
363.8382
68.9028
264.0745
90.2184
342.0448
70.7538
185.6965
71.2137
237.2433
67.8771
318.5404
92.7419
144.578
53.7458
147.8221
94.6996
180.3612
79.7228
158.9281
66.7354
357.5519
62.8994
377.9991
85.1135
178.8523
43.0659
202.0671
84.0651
236.5872
79.5738
153.9795
89.0289
372.3834
66.1572
358.1344
85.4085
350.4016
98.6724
212.7203
97.7904
407.474
82.2124
256.6976
55.9849
209.9849
66.1318
243.1744
98.7532
310.6841
79.2013
251.1252
73.6894
326.8567
82.3806
342.5666
70.417
274.3752
70.5653
342.3488
93.0495
230.1413
46.1237
394.6387
44.7466
298.2824
60.0939
393.9629
100.1713
387.194
70.5563
239.3493
60.7242
161.1291
80.9413
253.6452
92.5948
227.5133
58.8647
354.5112
100.9237
263.5201
89.5123
338.882
46.7242
348.6735
54.6186
156.8513
55.652
198.3471
77.6994
363.9845
51.2532
166.012
100.4099
208.9779
89.9501
279.9411
89.7006
384.3778
44.752
290.8053
54.8448
213.7393
103.4954
342.2062
97.3986
361.1499
60.3338
228.6684
85.7429
288.4579
76.2001
366.9685
82.0321
411.8423
69.0705
280.9126
53.1505
214.5244
84.0475
334.775
55.6394
228.469
104.5731
250.5944
43.5223
268.8368
45.4595
241.3776
86.5048
230.7463
43.9067
217.9922
48.1777
342.5681
93.2383
218.1348
93.5886
389.5196
73.7574
409.2422
70.8868
283.7469
88.8751
225.567
72.6707
226.3694
51.5187
196.8716
75.192
179.1363
87.7692
196.2991
46.6882
346.383
81.7162
357.9593
79.8197
161.8942
51.65
230.625
56.4987
300.0754
44.9374
186.6627
96.2887
202.4999
81.2445
246.9286
83.0474
233.4431
53.1861
152.841
59.5704
407.4323
63.9851
164.1945
59.6712
184.1362
104.3282
229.5129
44.4061
273.0818
104.2978
152.8446
86.0183
328.7331
59.0468
158.8801
67.6363
233.3831
95.7668
289.1334
88.8141
193.1013
71.4754
221.653
52.6492
330.651
86.2157
355.3377
80.4553
264.8294
45.4271
337.4124
43.8019
286.1047
78.5007
326.9731
103.1604
401.7149
42.8862
214.7412
81.4209
221.5643
67.5568
279.2745
96.1585
217.2913
59.1828
388.8604
45.7373
278.8055
58.9912
388.1726
65.1473
259.3796
52.0163
299.5051
45.8618
398.0537
82.2668
160.001
66.9993
184.6485
56.2457
348.7728
55.6551
244.106
101.2675
379.1706
42.4476
383.167
43.1171
205.6801
97.0991
407.5615
55.7903
342.042
49.2317
173.935
80.3428
163.1614
82.5253
179.6471
94.2555
164.2339
77.9336
231.3751
42.2032
360.2442
80.8037
398.1218
65.6783
327.5988
97.485
353.7703
87.5876
253.1349
87.3501
364.7447
63.696
348.1028
48.0754
367.6328
52.6418
249.9504
94.5559
145.7895
51.1915
388.8424
81.942
236.9868
78.4421
254.8291
77.9959
338.0923
74.8087
329.4332
45.2723
337.5512
84.862
386.1557
96.5202
294.1152
74.4001
250.0047
45.1992
242.805
64.5499
356.6347
90.0849
154.5099
72.2024
191.0359
55.6186
331.9216
99.6867
233.9468
45.9278
311.6679
93.2799
333.2658
59.3119
144.5545
90.9402
275.7215
85.4444
302.7392
66.5317
396.9127
97.6016
338.4604
85.7845
279.5629
102.8687
269.6045
97.3036
342.4383
55.5219
164.9428
93.1032
295.8594
51.6158
44.0856
69.3989
77.0211
97.2346
194.9673
247.3989
330.1153
156.2359
305.4565
390.5056
182.7197
193.0679
242.4371
369.5924
328.9615
331.2432
313.8235
407.0875
214.945
225.2435
184.2249
376.7825
375.0122
171.4012
231.9817
172.8806
296.9287
313.3454
310.9984
264.3415
324.8645
233.7454
339.374
156.5229
230.1727
406.3509
168.8283
254.1195
211.9649
282.3289
208.9263
291.3978
173.4831
380.8977
260.0984
359.7293
356.2692
210.2576
173.458
378.4191
250.1305
192.8189
327.4158
286.8321
200.9029
224.7257
179.0914
287.8161
222.0103
363.6783
384.5211
204.4218
163.8213
295.0505
313.6629
227.9191
302.8027
390.3055
206.1986
243.111
340.4695
203.7075
330.1323
276.9441
162.1327
169.331
225.1862
328.4156
345.4428
200.3661
308.9932
249.7782
408.7308
148.7215
352.0859
349.0402
293.1465
382.924
315.6833
167.7647
388.5926
206.3149
202.2737
392.1632
237.4566
145.543
392.9947
259.4884
338.1391
203.3554
193.8099
241.722
214.3793
373.6838
352.4834
224.5606
388.3771
337.029
300.3493
283.6979
351.7119
346.1413
168.8801
172.4041
172.0589
219.9983
211.0509
334.4018
241.7021
332.0795
173.5003
288.0389
373.8431
170.9377
361.4889
411.7588
256.7089
235.0672
242.6541
296.8667
327.4541
160.069
351.5621
233.5936
251.8624
180.1127
393.0565
336.4564
235.8427
161.6957
378.4043
390.9157
210.724
363.6988
372.2378
287.3295
242.3459
305.739
324.2946
372.2045
153.9466
166.8187
387.9534
242.7445
372.8474
292.2725
251.5674
406.6945
382.9347
283.0103
296.5942
241.4829
276.9377
213.0575
160.5227
158.6601
182.5046
357.3919
198.5967
335.6339
376.074
368.0781
350.3359
168.7015
342.5446
176.6974
296.8531
189.3795
398.7406
345.0763
238.9686
146.0292
386.675
390.3108
286.1215
352.78
394.609
310.0875
198.0779
275.7493
155.9085
350.3023
149.436
386.5589
207.6978
220.9751
238.9274
181.1488
387.31
306.4626
217.5169
269.8879
356.5336
179.9661
373.2969
364.9808
407.0179
308.7169
422.2602
305.3383
288.6354
486.9859
283.6389
357.3418
458.7473
389.713
460.8333
210.5158
258.1239
331.9409
418.4309
496.9399
359.4376
434.2706
332.854
301.7572
389.0199
427.9835
422.3947
442.0118
384.1885
263.0835
468.7898
427.0184
429.7723
475.7026
209.2333
229.0179
217.2921
251.9128
427.2516
285.1171
231.8773
292.9534
330.8575
227.9461
410.0605
462.2272
262.5888
222.1342
270.8357
393.9234
322.7811
316.9651
305.4515
457.1259
256.5676
359.6731
241.0935
215.0583
282.7785
454.6255
461.6365
258.1077
251.1689
251.944
430.3692
277.7392
419.902
313.6122
359.3282
237.714
362.8571
432.8724
364.8328
244.1067
493.02
216.6784
487.735
261.3845
317.9712
415.9685
231.9008
296.8164
218.489
263.5261
249.4378
250.476
416.2815
254.1925
476.1865
203.1048
471.8647
377.1963
413.0
455.0
308.0
299.0
290.0
472.0
365.0
299.0
213.0
404.0
362.0
361.0
378.0
318.0
354.0
316.0
459.0
207.0
213.0
314.0
332.0
407.0
273.0
401.0
358.0
484.0
376.0
266.0
461.0
216.0
258.0
465.0
253.0
305.0
206.0
473.0
215.0
408.0
268.0
309.0
299.0
481.0
282.0
314.0
338.0
450.0
372.0
424.0
436.0
218.0
220.0
441.0
330.0
382.0
486.0
313.0
408.0
233.0
342.0
234.0
470.0
277.0
420.0
245.0
377.0
407.0
249.0
205.0
258.0
256.0
437.0
250.0
492.0
277.0
281.0
481.0
201.0
426.0
294.0
444.0
401.0
442.0
442.0
236.0
343.0
389.0
417.0
441.0
455.0
480.0
268.0
458.0
465.0
374.0
460.0
211.0
481.0
312.0
426.0
407.0
295.0
237.0
483.0
472.0
446.0
450.0
397.0
403.0
200.0
203.0
495.0
414.0
342.0
386.0
286.0
431.0
285.0
447.0
296.0
271.0
415.0
448.0
462.0
496.0
257.0
484.0
217.0
305.0
364.0
329.0
480.0
373.0
376.0
367.0
460.0
225.0
454.0
387.0
315.0
224.0
280.0
272.0
340.0
487.0
317.0
431.0
321.0
435.0
260.0
294.0
328.0
433.0
395.0
322.0
375.0
445.0
437.0
435.0
408.0
272.0
284.0
369.0
362.0
216.0
461.0
438.0
249.0
355.0
321.0
357.0
473.0
276.0
341.0
209.0
388.0
368.0
280.0
202.0
409.0
299.0
439.0
391.0
219.0
313.0
465.0
309.0
393.0
358.0
258.0
397.0
287.0
376.0
428.0
315.0
420.0
363.0
387.0
489.0
270.0
433.0
382.0
434.0
490.0
255.0
226.0
348.0
255.0
212.0
317.0
458.0
281.0
446.0
451.0
483.0
203.0
475.0
430.0
337.0
312.0
464.0
313.0
204.0
382.0
294.0
485.0
248.0
448.0
400.0
393.0
308.0
340.0
272.0
257.0
383.0
483.0
235.0
392.0
297.0
386.0
279.0
379.0
408.0
446.0
415.0
420.0
317.0
345.0
367.0
482.0
379.0
248.0
259.0
241.0
337.0
496.0
473.0
259.0
285.0
366.0
275.0
433.0
248.0
430.0
329.0
298.0
256.0
270.0
477.0
453.0
382.0
283.0
238.0
310.0
356.0
213.0
254.0
395.0
365.0
350.0
454.0
252.0
486.0
348.0
282.0
297.0
488.0
481.0
336.0
319.0
325.0
333.0
478.0
321.0
294.0
334.0
233.0
225.0
200.0
341.0
376.0
281.0
298.0
345.0
423.0
469.0
236.0
354.0
497.0
498.0
254.0
406.0
464.0
310.0
491.0
451.0
486.0
419.0
269.0
338.0
213.0
493.0
278.0
228.0
223.0
280.0
433.0
361.0
245.0
452.0
368.0
437.0
316.0
496.0
250.0
472.0
213.0
235.0
362.0
421.0
433.0
263.0
267.0
421.0
489.0
492.0
358.0
494.0
392.0
397.0
217.0
324.0
370.0
291.0
244.0
288.0
361.0
377.0
327.0
356.0
241.0
324.0
354.0
245.0
332.0
309.0
286.0
306.0
258.0
288.0
361.0
274.0
364.0
259.0
371.0
306.0
355.0
353.0
324.0
381.0
307.0
256.0
250.0
278.0
276.0
263.0
238.0
341.0
296.0
307.0
382.0
355.0
352.0
376.0
330.0
338.0
321.0
236.0
242.0
350.0
271.0
378.0
335.0
371.0
273.0
286.0
353.0
332.0
295.0
317.0
381.0
298.0
153.0
298.0
135.0
326.0
175.0
334.0
138.0
252.0
169.0
319.0
137.0
277.0
141.0
334.0
205.0
289.0
128.0
381.0
202.0
325.0
161.0
235.0
199.0
240.0
192.0
304.0
139.0
266.0
123.0
287.0
189.0
325.0
164.0
289.0
200.0
273.0
145.0
315.0
201.0
253.0
144.0
331.0
205.0
309.0
132.0
379.0
132.0
234.0
130.0
242.0
202.0
282.0
199.0
363.0
186.0
236.0
206.0
241.0
168.0
310.0
166.0
336.0
162.0
381.0
156.0
262.0
133.0
368.0
180.0
373.0
124.0
273.0
181.0
267.0
191.0
270.0
195.0
286.0
174.0
343.0
152.0
235.0
162.0
254.0
178.0
329.0
138.0
303.0
168.0
360.0
144.0
339.0
128.0
286.0
129.0
242.0
189.0
286.0
174.0
338.0
188.0
267.0
167.0
339.0
156.0
353.0
198.0
309.0
195.0
245.0
194.0
347.0
179.0
254.0
123.0
372.0
202.0
316.0
144.0
366.0
124.0
241.0
189.0
321.0
151.0
364.0
142.0
300.0
206.0
291.0
198.0
348.0
175.0
265.0
202.0
243.0
179.0
292.0
195.0
371.0
179.0
313.0
127.0
334.0
127.0
259.0
165.0
300.0
165.0
264.0
130.0
348.0
160.0
297.0
174.0
307.0
154.0
362.0
197.0
238.0
203.0
251.0
202.0
291.0
135.0
289.0
134.0
333.0
192.0
366.0
196.0
252.0
184.0
289.0
138.0
371.0
183.0
365.0
186.0
369.0
152.0
376.0
170.0
343.0
159.0
343.0
151.0
314.0
170.0
319.0
152.0
296.0
154.0
318.0
195.0
365.0
123.0
275.0
165.0
267.0
195.0
266.0
191.0
281.0
159.0
293.0
194.0
237.0
185.0
303.0
164.0
324.0
185.0
348.0
148.0
355.0
137.0
282.0
170.0
325.0
136.0
299.0
128.0
373.0
174.0
382.0
132.0
245.0
163.0
311.0
186.0
337.0
133.0
368.0
157.0
335.0
139.0
241.0
195.0
295.0
125.0
334.0
147.0
261.0
183.0
295.0
161.0
312.0
127.0
270.0
195.0
324.0
195.0
346.0
174.0
330.0
131.0
294.0
155.0
235.0
200.0
350.0
203.0
258.0
196.0
379.0
143.0
376.0
200.0
255.0
187.0
356.0
156.0
344.0
192.0
271.0
149.0
321.0
176.0
286.0
189.0
290.0
184.0
247.0
173.0
244.0
183.0
261.0
162.0
315.0
204.0
332.0
136.0
248.0
412.0
267.0
393.0
482.0
406.0
484.0
223.0
204.0
293.0
434.0
270.0
440.0
421.0
259.0
261.0
246.0
422.0
398.0
443.0
345.0
265.0
323.0
455.0
450.0
344.0
298.0
305.0
446.0
361.0
210.0
285.0
308.0
217.0
300.0
316.0
348.0
480.0
205.0
309.0
472.0
460.0
483.0
396.0
294.0
234.0
394.0
367.0
472.0
401.0
484.0
497.0
373.0
290.0
498.0
320.0
438.0
487.0
482.0
233.0
400.0
498.0
301.0
389.0
420.0
253.0
327.0
396.0
416.0
464.0
293.0
294.0
359.0
485.0
438.0
500.0
413.0
453.0
272.0
485.0
347.0
281.0
437.0
220.0
260.0
279.0
328.0
362.0
235.0
236.0
420.0
358.0
402.0
408.0
373.0
446.0
278.0
257.0
234.0
330.0
274.0
309.0
364.0
235.0
224.0
439.0
219.0
334.0
228.0
303.0
257.0
479.0
285.0
410.0
242.0
369.0
223.0
299.0
242.0
309.0
360.0
402.0
231.0
447.0
412.0
228.0
373.0
257.0
343.0
292.0
265.0
320.0
344.0
228.0
264.0
303.0
343.0
241.0
357.0
395.0
462.0
340.0
343.0
289.0
306.0
492.0
338.0
421.0
333.0
211.0
234.0
315.0
262.0
476.0
459.0
200.0
418.0
271.0
283.0
251.0
434.0
326.0
386.0
342.0
270.0
329.0
209.0
419.0
461.0
432.0
338.0
459.0
417.0
317.0
427.0
386.0
484.0
262.0
268.0
350.0
208.0
421.0
291.0
499.0
334.0
378.0
313.0
292.0
212.0
314.0
346.0
298.0
491.0
209.0
445.0
201.0
248.0
217.0
468.0
342.0
353.0
473.0
240.0
416.0
267.0
468.0
384.0
304.0
295.0
222.0
337.0
232.0
240.0
433.0
474.0
383.0
382.0
333.0
225.0
323.0
384.0
379.0
357.0
391.0
209.0
463.0
275.0
286.0
351.0
460.0
429.0
485.0
242.0
346.0
375.0
390.0
255.0
368.0
332.0
213.0
300.0
328.0
323.0
262.0
438.0
431.0
426.0
283.0
229.0
305.0
200.0
392.0
232.0
212.0
491.0
403.0
460.0
202.0
418.0
428.0
215.0
412.0
354.0
367.0
380.0
211.0
405.0
232.0
484.0
437.0
231.0
299.0
315.0
420.0
491.0
457.0
346.0
469.0
352.0
411.0
213.0
274.0
298.0
276.0
439.0
234.0
352.0
487.0
228.0
285.0
487.0
392.0
220.0
256.0
400.0
260.0
370.0
340.0
486.0
237.0
493.0
488.0
266.0
253.0
375.0
298.0
244.0
267.0
337.0
379.0
233.0
372.0
213.0
494.0
341.0
243.0
283.0
440.0
399.0
487.0
371.0
217.0
494.0
444.0
222.0
452.0
422.0
491.0
378.0
463.0
395.0
299.0
317.0
319.0
204.0
245.0
457.0
499.0
474.0
348.0
271.0
224.0
480.0
206.0
368.0
264.0
349.0
209.0
346.0
320.0
337.0
272.0
383.0
432.0
233.0
397.0
364.0
232.0
301.0
460.0
339.0
458.0
454.0
230.0
209.0
484.0
266.0
272.0
388.0
349.0
355.0
235.0
327.0
286.0
300.0
262.0
442.0
301.0
263.0
215.0
461.0
296.0
257.0
243.0
390.0
380.0
215.0
209.0
468.0
225.0
424.0
221.0
484.0
370.0
294.0
318.0
209.0
483.0
388.0
425.0
337.0
389.0
485.0
406.0
266.0
387.0
227.0
478.0
383.0
425.0
381.0
303.0
411.0
268.0
418.0
255.0
281.0
237.0
393.0
428.0
220.0
343.0
438.0
443.0
373.0
398.0
384.0
350.0
363.0
258.0
426.0
461.0
365.0
453.0
313.0
261.0
228.0
300.0
491.0
411.0
203.0
320.0
223.0
435.0
233.0
409.0
294.0
469.0
373.0
446.0
415.0
408.0
371.0
410.0
448.0
252.0
403.0
389.0
304.0
400.0
280.0
472.0
478.0
320.0
497.0
344.0
266.0
478.0
214.0
333.0
395.0
243.0
380.0
338.0
481.0
205.0
316.0
286.0
288.0
360.0
435.0
462.0
478.0
452.0
335.0
430.0
388.0
362.0
469.0
431.0
274.0
375.0
253.0
399.0
251.0
294.0
378.0
240.0
494.0
280.0
437.0
216.0
224.0
203.0
348.0
313.0
209.0
477.0
328.0
205.0
472.0
493.0
487.0
223.0
406.0
347.0
352.0
459.0
264.0
396.0
331.0
401.0
320.0
486.0
437.0
407.0
223.0
458.0
318.0
369.0
471.0
268.0
215.0
290.0
292.0
381.0
280.0
470.0
251.0
237.0
236.0
271.0
298.0
315.0
466.0
223.0
427.0
223.0
217.0
383.0
274.0
490.0
415.0
429.0
224.0
350.0
280.0
475.0
207.0
242.0
482.0
352.0
246.0
351.0
468.0
445.0
251.0
297.0
428.0
292.0
426.0
306.0
287.0
219.0
380.0
352.0
480.0
465.0
330.0
353.0
350.0
321.0
282.0
231.0
261.0
495.0
315.0
348.0
211.0
212.0
389.0
379.0
331.0
389.0
382.0
343.0
433.0
437.0
310.0
446.0
324.0
330.0
444.0
483.0
260.0
412.0
286.0
279.0
358.0
354.0
257.0
402.0
256.0
259.0
451.0
333.0
277.0
250.0
222.0
303.0
322.0
364.0
269.0
374.0
353.0
458.0
328.0
212.0
317.0
384.0
308.0
395.0
381.0
496.0
434.0
375.0
280.0
433.0
423.0
213.0
332.0
269.0
244.0
339.0
273.0
350.0
359.0
316.0
486.0
339.0
318.0
484.0
298.0
352.0
346.0
246.0
389.0
145.0
133.0
103.0
97.0
146.0
149.0
101.0
119.0
127.0
131.0
109.0
131.0
100.0
139.0
118.0
127.0
142.0
140.0
146.0
111.0
121.0
104.0
359.0
118.0
319.0
125.0
118.0
111.0
115.0
136.0
150.0
168.0
96.0
125.0
140.0
195.0
134.0
133.0
136.0
129.0
126.0
141.0
113.0
131.0
118.0
155.0
111.0
145.0
114.0
166.0
140.0
193.0
121.0
206.0
122.0
168.0
151.0
135.0
144.0
171.0
96.0
177.0
137.0
174.0
143.0
152.0
137.0
129.0
114.0
195.0
119.0
128.0
152.0
153.0
111.0
160.0
114.0
204.0
100.0
130.0
112.0
123.0
96.0
135.0
109.0
171.0
251.0
123.0
150.0
197.0
118.0
193.0
235.0
127.0
158.0
131.0
201.0
363.0
364.0
282.0
383.0
242.0
317.0
321.0
362.0
291.0
474.0
218.0
261.0
361.0
326.0
416.0
431.0
202.0
446.0
411.0
269.0
480.0
388.0
313.0
143.0
197.0
137.0
164.0
138.0
167.0
164.0
131.0
152.0
345.0
220.0
342.0
364.0
391.0
308.0
263.0
459.0
290.0
454.0
337.0
489.0
484.0
343.0
314.0
416.0
336.0
488.0
395.0
338.0
469.0
324.0
498.0
272.0
283.0
322.0
255.0
257.0
322.0
246.0
205.0
107.0
124.0
151.0
132.0
120.0
118.0
118.0
129.0
97.0
146.0
95.0
100.0
96.0
95.0
