220.3196
153.2208
137.8209
302.0969
211.946
233.0612
205.967
134.7341
124.7932
115.4755
217.9967
237.9602
139.4333
121.5169
110.5194
108.6071
121.5118
136.0427
129.0083
243.941
212.7717
165.2327
112.3513
132.9489
245.0628
125.9201
116.0541
225.3634
285.7175
339.7054
196.7894
262.3966
168.2844
264.7919
239.6683
81.2888
89.27
69.9863
90.1695
77.2299
48.6089
93.2699
58.5603
101.1055
61.7322
162.5657
153.6617
223.4562
405.4634
176.1746
371.1543
155.15
357.9066
272.6347
142.3981
130.9998
299.5657
144.7227
308.2096
314.2974
259.129
249.0808
297.4241
134.0207
249.5143
124.6078
296.2281
201.5993
291.2943
199.8936
278.2474
160.3774
251.4515
204.2985
214.3798
192.0214
295.8625
193.1497
183.6706
238.6106
226.5594
448.3571
480.4651
336.4121
603.3757
539.4434
416.2842
306.523
445.8415
314.7371
213.8322
194.3805
110.8731
188.983
202.3522
195.7581
171.4736
209.5408
235.1852
124.8847
215.7526
181.1398
217.7734
130.7154
184.8448
197.6207
181.2693
174.9375
186.2078
404.1992
199.8462
293.4938
165.1916
266.2731
312.1349
250.7306
226.891
197.8746
326.1364
157.4681
186.5094
155.9297
238.3706
192.439
323.4029
134.9304
192.3088
248.7782
216.9141
388.5255
303.0406
332.6875
281.3341
320.2465
312.3299
220.7412
242.0113
292.2961
574.2322
240.4476
425.7524
216.4493
431.1232
294.6084
393.5721
166.9838
482.0161
150.1147
130.7532
558.8404
327.2145
478.2338
328.0245
609.9309
135.6262
360.5125
169.9137
116.6505
238.6544
241.6966
169.7198
128.6912
222.6316
98.0108
230.2848
64.3142
82.9833
99.9754
42.4288
93.3302
104.4257
54.1331
83.8605
87.3577
84.6457
43.0608
87.2245
209.2272
171.6454
204.9734
96.1053
184.8122
112.2958
234.0685
515.8606
554.9404
530.0937
344.2458
343.9733
581.1802
445.8451
329.1455
419.4186
327.7122
274.9693
218.6888
388.8777
371.5079
259.7905
184.0888
352.8309
242.4085
397.1545
265.7855
308.1501
408.7656
407.1053
360.1324
240.2166
279.0434
212.7837
168.0008
160.481
163.4225
253.558
184.6831
214.952
398.9208
325.5398
341.2248
257.9608
385.4824
207.9682
253.6649
206.6686
226.4985
101.3143
175.7388
235.0066
209.7196
137.7081
107.6117
165.3059
135.3936
105.4153
163.8849
237.39
117.3985
230.8393
148.3616
144.1653
175.9565
155.7825
212.1905
116.1783
140.9138
140.0877
212.113
214.9314
209.1663
107.3575
180.3528
112.6271
155.3561
100.7014
142.2526
208.5841
139.8575
111.7684
175.5323
166.5882
234.7251
119.5856
106.5708
144.9682
172.6688
208.8111
184.3842
215.7319
216.2757
218.4804
189.9976
228.2637
116.5908
217.5635
231.6806
114.4816
169.8223
111.9029
209.0409
152.5366
244.3319
229.5637
161.2431
118.472
193.2207
203.8381
230.6433
137.3454
170.7204
179.1057
148.9041
109.1548
121.2454
160.4658
188.1773
110.4923
156.3626
157.514
283.3541
167.2021
180.1956
158.0805
112.8646
148.4716
292.8238
134.1241
245.4956
174.254
122.1358
101.0236
143.5257
177.1376
220.1885
223.8356
221.875
213.1789
299.8324
173.7599
132.1684
320.236
233.7503
171.1105
178.8296
209.1028
178.1149
182.2022
126.8496
237.9411
301.1746
152.5338
245.7265
257.0815
117.9978
153.5357
150.257
186.562
154.9683
255.8266
155.602
177.277
157.8172
225.2762
221.762
187.6167
234.0787
197.2615
275.8183
209.1846
167.1279
297.7637
202.5706
243.0655
237.8175
221.0803
200.6288
159.1796
244.5554
95.1893
272.3479
177.5776
171.0485
261.1028
222.099
238.5025
219.8959
169.2413
183.5745
243.0111
215.9047
183.4685
135.9497
244.751
151.3423
220.6963
193.9559
233.6448
261.2947
161.3179
244.0301
125.331
223.451
198.9083
217.2465
186.5956
117.2844
297.0302
170.8762
157.0732
257.8353
244.5969
242.0882
133.889
205.4603
224.0244
259.0991
229.6559
194.772
265.7778
143.9044
172.2046
185.5889
168.2443
160.2023
213.2789
125.178
135.2504
205.9572
136.4782
126.7705
130.0721
107.321
96.7866
239.0742
209.4212
240.1369
211.8058
233.5899
239.8471
289.5072
226.8159
117.276
306.0392
134.9345
114.1032
150.3967
240.6484
139.2001
156.1945
199.6898
201.0386
212.7811
146.9729
127.8267
123.6301
165.5184
198.4248
215.2427
165.699
161.7914
271.9291
169.0322
228.9082
190.3904
205.5661
245.5929
194.2893
145.1766
123.2332
217.1438
177.3018
212.2927
146.5119
161.3541
192.5855
268.0481
99.9894
220.079
240.5021
148.4157
134.7523
320.9236
239.9353
209.3381
192.4319
184.0451
99.254
164.0448
231.859
103.4669
307.7557
137.7092
131.3168
229.7429
214.9946
115.4894
172.1301
132.2489
103.5127
278.8411
207.7217
167.6331
146.957
123.3302
243.1086
161.6562
107.6123
206.3517
310.7532
104.375
224.6215
244.4414
103.3083
132.8699
258.8435
155.2389
120.7945
249.0934
104.4139
113.1591
273.9821
127.8044
139.1625
294.713
227.6124
213.3428
315.4272
224.8012
207.5935
166.1823
109.4904
226.8612
197.726
151.5691
214.6474
283.314
177.0757
138.3152
201.0113
192.124
99.3079
222.3235
195.8674
121.7433
179.971
136.7869
123.604
291.3952
136.1623
98.171
314.8176
196.7853
230.847
267.9343
235.7536
246.6098
258.5716
113.6326
231.671
226.7388
122.6015
154.2668
300.7641
223.742
245.7762
225.7741
202.8495
97.5632
272.2741
111.6276
199.2336
193.4988
209.5823
161.6455
159.4325
118.1961
211.4224
138.7653
245.997
108.4092
289.7623
212.0282
218.1312
167.2069
235.179
163.641
126.7634
165.2007
240.0662
148.7254
127.452
244.7201
283.013
97.0945
158.9679
239.2077
131.2904
191.4076
287.5193
107.7869
194.7533
253.9218
241.0601
181.5866
244.7507
245.0206
150.5568
274.1881
218.3731
111.4026
325.0544
139.3932
132.256
156.8657
231.6182
207.09
147.2918
117.3083
223.0312
141.9637
242.2511
201.8556
272.4294
148.3779
197.7148
183.2581
242.702
207.5261
221.5656
123.3641
180.1507
294.1877
223.2818
137.2545
297.4111
218.3967
243.4934
184.5017
130.2409
208.4115
232.6023
201.1021
144.337
242.1447
146.1599
177.8804
283.3962
106.4262
242.7773
185.6934
225.1219
207.3039
187.2765
202.3338
127.968
165.2952
116.642
191.4212
225.7972
170.2146
174.4465
206.5116
122.1036
112.4679
223.596
165.7247
214.4626
219.7337
217.4704
227.6969
248.9307
174.9406
221.7555
235.9108
218.3218
183.4168
160.3239
118.1014
234.6875
201.2247
245.7795
173.5262
129.9459
198.8629
189.3494
157.0404
122.6666
127.3626
267.2239
146.8877
142.2173
208.9811
160.2658
156.7672
327.834
143.7395
121.15
294.2983
103.3147
211.6047
129.7175
156.4537
200.9776
123.8483
128.4014
214.5623
181.0554
169.8003
187.6408
215.937
226.6955
189.8888
155.2426
127.1565
136.8055
298.0589
165.974
210.8189
318.8265
157.0526
229.0835
275.1325
239.1748
238.7672
226.1016
213.8557
242.4551
137.2213
159.2335
113.9572
314.6022
132.7015
139.1969
123.9338
240.7345
233.9923
149.0889
210.6846
167.5823
164.7069
185.9267
175.9566
171.7956
146.4665
183.8297
228.004
109.9328
118.9733
217.6872
226.8569
131.2383
232.0994
177.5012
135.7313
275.2722
241.5749
235.1577
307.5686
237.4229
203.3288
254.1202
200.2925
212.4035
186.8709
130.7613
103.8671
261.6591
143.2141
131.9374
217.4852
235.3143
115.5653
288.0522
169.8415
100.0939
295.9483
209.6436
136.5745
144.0523
291.6116
202.0404
295.99
156.3815
254.4837
150.8717
206.9872
206.4983
225.7885
160.6679
236.4658
222.4657
239.8836
226.2316
279.8486
152.3142
164.8414
236.5278
149.5662
136.1654
218.3423
118.0037
140.2101
158.3904
237.3351
120.7925
201.7401
244.231
309.7091
169.6685
181.2336
157.0088
250.6774
149.8944
241.1814
134.8131
186.2406
108.267
307.1048
230.3741
309.993
117.117
215.3521
182.0143
154.6397
190.5279
326.1163
143.8414
188.6134
317.5753
128.5982
141.4813
179.6719
166.0455
308.0948
140.9994
97.2525
210.7211
77.5944
172.4083
99.1773
319.0477
50.435
237.1327
247.6559
276.5936
235.1238
297.1771
300.3771
202.886
236.2004
142.5056
125.0683
129.3332
234.8883
202.2727
136.9498
132.7457
136.0897
191.201
209.1591
276.47
256.9967
131.7763
250.5834
158.0253
259.5406
130.7454
279.7154
223.816
247.7103
268.6139
298.1414
224.3769
183.2187
305.9819
143.4548
239.3419
230.056
212.985
226.0403
207.6543
283.1795
271.8882
310.3737
231.2661
178.5434
251.4461
277.1449
153.2211
144.1837
249.8857
393.0173
128.3661
386.8764
127.3069
524.7672
304.9566
304.9834
185.9181
237.5596
296.1459
211.9395
247.8337
98.496
219.7469
236.5773
185.1607
193.925
190.7503
288.836
233.7839
177.9645
125.8599
327.5207
138.6358
209.4441
288.7749
217.3654
274.295
311.9375
319.1016
251.8749
322.5061
296.9721
228.6193
126.725
295.6508
214.8911
210.1543
154.8845
270.32
255.9503
158.5334
133.2024
243.9501
206.8681
129.9922
224.9658
273.9833
174.366
184.0038
317.8837
301.1984
144.9254
193.776
246.0944
238.7286
261.9281
274.6292
162.1162
317.8491
300.7109
122.5228
158.1769
149.8442
127.9209
152.0779
142.0603
207.6062
192.6049
98.8759
232.492
118.4819
140.6964
220.8726
201.1678
205.1298
239.9858
117.0432
138.7889
180.8716
141.2659
225.3974
170.9204
232.6664
281.1383
207.5599
146.127
107.3387
310.9524
114.6893
257.6677
130.5945
192.5143
196.4698
129.0439
157.1969
186.5636
215.6203
176.8965
237.2586
276.5592
164.8274
136.137
191.9422
314.0483
135.2195
305.7716
161.9494
166.8128
219.4585
149.6455
156.0114
165.0949
196.24
242.2801
100.1828
200.4966
176.4494
218.1181
104.0738
206.6349
98.4374
304.8184
153.2455
196.2981
100.8329
135.7518
119.8233
202.7114
176.0301
227.5556
143.9766
308.5631
99.9393
159.4892
205.2415
299.6728
171.8091
276.4106
178.7544
234.6077
237.8827
186.4591
105.2994
303.1263
190.0027
122.7972
376.2096
313.3594
108.6489
293.4147
234.1889
209.3049
379.4453
131.2365
240.7555
174.3087
218.0115
190.2734
358.936
158.2447
138.1443
279.6202
199.9951
199.3871
327.0967
185.3131
167.7705
151.0163
235.4763
222.8278
394.9434
193.1066
204.4469
209.4016
127.0341
209.547
347.2601
292.276
149.2094
386.9298
133.8089
244.4219
405.5079
183.2528
134.0472
167.5566
268.6616
236.9977
408.6276
245.1882
227.0584
349.3165
188.9908
127.5405
211.1907
127.3501
103.815
371.834
298.8972
344.9257
225.6719
157.5695
289.9638
524.1507
113.5476
225.8075
267.216
389.0001
159.6949
291.9655
145.6158
314.9185
164.2755
319.2928
264.1407
424.2012
116.6078
313.8372
198.7493
555.5477
102.3545
190.3105
293.4333
258.1587
241.8455
348.2076
227.7912
329.6227
167.1909
360.8589
187.6814
481.3262
238.0524
303.2919
319.3234
563.944
101.9006
195.8557
206.712
607.7411
164.2964
247.5087
281.3993
240.9288
200.1969
173.4957
322.5659
545.1787
180.4967
204.8377
223.8704
366.5987
216.9748
205.6357
177.8077
483.0226
199.5322
152.6333
198.2473
489.3522
164.0607
185.8142
313.4433
509.9271
143.4998
269.0029
137.1179
236.4722
210.5962
165.5164
164.2204
603.0949
170.5914
203.8607
148.6471
430.0682
137.526
306.2926
318.5824
577.7451
125.0583
234.764
243.18
354.9006
201.6561
286.3417
318.0526
447.0947
236.7318
267.6448
268.4738
485.2885
134.7532
319.1661
214.3188
589.9294
118.5687
213.5419
263.5803
541.0486
185.1539
380.9102
145.7952
452.5854
140.6901
247.4466
256.9035
456.165
243.3511
205.9897
280.9314
352.9196
177.3836
326.3693
233.4549
449.6394
123.0276
265.623
231.0448
325.5899
185.5351
286.7371
223.831
313.7203
155.0048
258.8722
176.9486
384.7205
118.9622
300.2311
312.935
428.4614
225.5766
288.8044
237.1491
547.7772
217.1149
194.1738
211.9675
596.3067
140.6953
315.3823
218.8849
592.2262
160.6143
229.5753
148.7088
546.1535
131.4798
243.6935
296.7835
378.3003
184.0975
368.9476
144.617
307.0913
202.5143
393.1271
125.406
517.9477
130.8373
224.9969
154.7638
279.766
102.406
284.1087
123.456
584.7868
223.6054
340.3027
302.1336
546.0693
214.0715
178.0013
272.9243
581.6416
220.2483
155.0933
283.3077
585.6007
204.2191
224.7829
273.9431
370.9817
196.4439
147.2274
164.0575
280.1044
213.4971
180.1093
209.6243
295.3417
156.1088
151.4909
302.8705
501.8268
134.7766
308.3717
308.6539
565.5429
115.9231
404.3178
251.9316
528.4966
165.0367
403.3589
298.917
537.2932
220.4438
403.0452
244.5847
347.3752
230.322
357.1326
132.9257
241.4885
178.2735
383.8123
277.7966
303.577
177.2405
146.7265
209.3248
501.2891
235.7544
373.2109
295.6466
601.6093
230.4708
391.2768
296.2476
362.7972
166.6558
411.7989
293.367
583.8303
189.7469
411.195
327.7952
236.9081
242.3242
254.585
242.9559
486.2743
133.7904
167.992
322.4144
478.6601
128.7641
404.5938
204.8864
425.0446
116.6581
202.3622
225.4448
546.1565
207.1194
238.6218
217.9363
271.2221
179.9736
187.1381
323.6111
529.8855
124.0228
307.2922
228.6615
337.9887
218.5118
262.7231
252.7329
428.0106
208.2829
146.5192
167.535
601.4157
186.6059
277.6141
233.4254
298.9562
180.3774
156.4905
124.2777
485.116
106.8444
163.6216
187.0647
305.3632
107.2214
359.2773
214.4019
568.7088
140.527
186.3969
263.7911
525.2382
232.679
169.1812
192.4926
398.7968
105.3495
146.8766
185.824
501.8708
152.2876
160.9285
155.2489
464.9045
143.7848
160.2524
216.861
514.8429
118.6629
187.8189
226.8101
412.5772
179.6295
346.0777
233.8361
522.2045
158.0547
328.9403
260.3887
598.59
246.1849
314.1177
226.809
479.6408
164.5201
223.5582
229.7343
400.9656
159.541
201.5546
248.2598
476.2026
224.1855
189.7886
181.4529
580.2499
240.4323
260.1562
150.5625
370.928
156.0634
355.6644
318.7023
615.2464
114.1341
347.0173
325.9096
242.4254
181.8952
261.7045
190.2905
416.1555
103.8679
203.4838
182.4639
378.245
115.4868
389.0949
130.6975
593.8214
195.1852
401.8683
206.0071
392.6125
124.0075
166.5914
320.0457
538.5326
98.7978
154.5672
323.8625
603.8474
223.719
208.253
300.5421
551.5781
177.3238
307.1873
317.3624
472.5429
118.6052
253.1152
189.4151
580.506
151.4176
340.2941
252.6353
487.3295
116.37
156.9137
141.8696
460.7857
138.7531
247.387
186.9853
575.797
246.2734
364.9659
231.085
534.3215
105.3291
267.7153
313.6381
469.9
213.2723
238.3215
285.7768
462.018
230.5641
363.5409
287.126
273.9204
124.9379
176.2907
307.3487
271.3453
165.6517
326.4587
231.086
344.8103
141.6151
145.4592
286.1554
498.6043
218.6432
392.3839
213.745
456.4915
126.296
156.2997
141.9024
296.3406
241.7272
167.815
177.8636
613.4343
104.6728
255.4895
152.7036
515.107
242.1747
168.9832
303.414
612.59
103.8421
349.0429
228.8221
480.5221
240.4184
158.4954
184.7647
527.5019
104.1269
238.3684
146.6169
262.3269
128.7354
323.0826
199.6449
554.1685
116.4863
318.3596
231.7189
411.8865
170.0013
147.0612
258.6626
285.9835
131.9817
237.6298
177.9593
432.336
229.9846
355.1177
239.6499
261.8263
183.7671
391.9989
126.0752
405.3222
130.6513
233.0253
282.6087
301.1277
192.074
201.3426
143.7136
336.037
205.9463
389.9031
202.5301
342.4854
212.6579
318.913
273.7598
299.9947
115.523
188.6254
212.8617
406.1514
227.1764
177.2397
279.5114
357.7506
241.8866
309.9922
259.8948
609.4692
171.967
297.7217
326.7228
448.5104
154.4238
347.2693
263.8465
345.0812
179.694
366.0183
186.043
569.3305
213.7837
154.7078
317.9096
423.4831
134.3317
222.3491
152.8704
493.3571
116.0813
340.6519
154.0424
587.2484
109.9555
262.8125
135.1473
291.3049
222.3921
310.8452
325.7749
602.9977
109.8058
226.8318
209.1193
335.1225
157.0043
374.544
193.8011
593.936
144.0976
236.838
226.5805
324.5461
139.9009
289.0474
211.6339
584.5342
203.0409
251.2996
228.6307
419.989
220.9374
353.2535
198.0944
473.6771
367.9748
273.042
257.8357
226.5577
191.0594
535.1456
161.0077
288.6053
261.8726
371.1275
239.2243
389.0072
194.6342
231.4394
478.8433
217.3739
311.1211
594.6137
276.6036
267.5028
296.1168
251.4075
146.0731
249.0413
315.1718
259.5035
277.3162
289.4284
202.0678
580.3494
337.2271
137.7188
348.6339
411.0236
162.3651
562.5719
309.7608
226.3937
388.7404
284.9615
228.2205
237.0442
225.0234
264.0395
332.1766
275.9072
300.9383
376.8621
275.0136
253.1482
561.4682
238.4008
202.931
468.0572
270.1238
153.6409
311.0676
206.2111
317.2878
469.9896
273.8485
325.2132
370.1148
312.8688
171.5196
270.4213
247.3151
210.0628
588.1926
383.1833
206.4523
289.8049
296.673
141.2879
616.5142
241.5611
185.7299
325.4566
180.5778
255.5171
501.3889
242.9724
265.912
484.0673
353.4061
308.6431
349.4139
371.7912
302.8294
504.432
194.5498
197.4399
574.494
238.0902
219.601
359.4607
159.0853
156.4649
479.8316
279.264
225.6974
607.4967
377.012
236.1183
266.0766
266.3317
279.6331
367.3614
189.6641
236.7233
400.5166
191.5236
245.5257
273.4122
174.1649
324.7012
539.9129
149.6529
148.9041
247.4346
217.0833
194.5795
472.2644
265.7134
582.0825
125.4195
522.2117
282.9548
586.5858
137.6481
177.3529
366.3661
151.9475
213.4232
370.9172
173.4444
259.9979
574.2991
112.8578
147.724
536.1899
191.7197
247.3534
426.3056
222.46
135.2684
335.7498
103.382
168.6422
273.345
211.3043
166.2361
360.0033
148.0569
263.4532
471.8871
208.3352
245.4378
382.5859
203.502
289.4035
345.904
110.0966
273.1118
560.1528
152.8267
252.4881
334.0255
141.4688
185.23
567.4221
143.9048
322.88
250.9781
139.464
144.2478
261.7421
141.1034
289.9742
549.0435
220.5889
271.5899
470.5423
174.4322
228.8635
532.385
206.6525
312.5867
120.2007
148.5875
162.2658
311.8191
205.6912
316.69
246.9592
146.8361
104.5746
327.022
190.5333
302.2162
135.7476
200.4966
118.9098
255.994
116.7217
284.7841
215.1662
320.5393
159.8834
213.4566
189.9421
240.2174
94.7827
156.1043
197.6773
76.9416
211.2926
190.705
43.7817
178.6755
123.0005
59.8239
99.8316
242.2291
66.5817
99.7474
242.7802
79.9968
111.6208
313.9579
70.4734
213.9622
184.0492
53.9003
129.3405
297.8022
45.9247
109.627
308.7925
82.3279
133.5222
182.4971
55.9599
134.7526
314.6087
44.9324
235.1583
269.2863
68.6253
245.2135
295.5337
79.9129
180.1962
290.9747
50.7298
143.0521
203.8889
228.4702
90.6572
198.8862
190.4844
197.1973
54.3946
220.6811
138.4432
263.5168
86.4603
187.971
245.7604
128.4407
78.3515
103.4412
289.7705
179.7463
94.6287
225.8197
208.2558
290.9044
72.1456
205.7869
167.6001
208.8832
65.7543
234.5458
178.367
190.9043
66.0568
212.4024
321.5308
138.4283
98.6076
116.1702
130.1113
247.0339
62.402
197.4197
137.1859
281.4347
59.5081
98.5597
276.1523
243.6374
74.3128
214.4432
220.7094
181.1997
88.0676
237.6553
242.3035
133.6815
61.2194
117.8492
195.751
172.7126
45.41
95.4593
261.4072
304.6113
93.0212
197.8285
298.5886
262.1904
71.7242
107.2515
231.9879
326.2762
82.6735
209.6424
170.5371
313.5406
88.7559
109.5012
160.578
195.5125
80.6728
191.5586
246.2914
226.0843
67.593
113.9454
202.1157
315.4672
61.6685
119.9385
270.3526
281.3781
62.85
243.3009
212.3113
207.2508
102.1845
199.9414
237.1851
240.4687
101.1081
126.0796
219.3824
123.003
100.1786
132.3178
244.2535
150.4167
90.2144
213.9754
184.0549
304.9593
92.921
142.7579
124.5884
308.4269
57.7981
227.2916
146.2297
308.6027
103.4235
93.0871
201.2469
149.418
310.205
92.4558
93.6537
138.1276
309.2217
327.3791
46.8917
88.1268
143.1105
155.7586
271.9035
84.47
97.4778
148.2236
224.4859
172.2937
94.8488
84.2716
151.7883
270.3835
124.8884
43.3514
55.2826
142.7901
182.9488
212.3758
93.4349
91.4902
155.5829
188.3373
169.5543
71.6879
64.4588
215.5456
307.974
295.3749
75.4165
79.054
222.5553
312.2238
198.8894
54.6186
47.276
164.3053
250.7893
236.4311
60.2768
70.4321
95.2359
246.8264
180.3253
100.15
83.6628
134.7074
207.2113
251.5042
64.991
87.1148
230.5713
313.1275
302.337
97.9932
47.9786
135.6235
322.9677
228.4552
45.0346
76.0295
171.7372
319.5897
259.1859
89.1029
43.526
136.5095
285.7151
261.8081
64.7059
72.9522
118.4677
237.872
306.9258
44.4704
78.3209
227.1876
208.7749
179.8192
62.7282
73.1992
156.7665
244.3844
325.2443
46.4894
83.0904
242.7635
194.4222
175.1884
102.8971
63.7108
229.6952
245.058
189.955
42.496
98.1774
132.4165
304.0252
252.9141
51.9141
96.1848
219.1294
158.9661
124.5188
74.5272
77.925
189.8607
263.653
296.0063
85.0177
73.7061
127.1018
242.7448
127.3471
75.786
68.2336
103.9522
184.1387
203.3145
42.7207
95.3381
186.1229
172.6078
140.8034
95.6009
74.2184
232.1688
132.6545
166.122
61.3881
81.6332
156.5914
326.8319
192.6799
82.3947
45.7637
182.8517
300.2477
160.631
64.1244
43.1995
140.3466
295.3249
163.6643
48.3945
81.1268
124.8856
190.5978
163.4695
91.9661
59.2792
125.2244
123.9184
137.5193
56.8187
101.5746
129.9879
135.5386
236.0596
99.7439
96.187
105.1781
203.712
126.3623
101.3452
79.1679
168.4399
258.1838
151.6084
100.629
83.1012
117.5216
300.6985
145.2819
97.673
49.6876
128.7649
195.2861
245.4592
63.2072
74.7407
122.9017
318.3387
188.8279
59.4408
87.1334
115.7421
327.7299
217.9509
56.443
43.2999
246.88
277.2155
45.17
219.2775
101.1205
196.8327
180.7259
276.4805
60.0303
64.5131
151.0068
205.6349
245.6108
85.2614
61.6378
159.5465
137.7627
66.3578
268.7269
44.9977
190.9068
189.4989
46.4491
252.8251
44.3875
197.828
138.031
51.0757
214.3496
104.1663
102.4433
157.1163
98.0647
278.7157
93.0388
145.8982
227.7344
95.6255
254.4914
98.8382
186.1303
270.2441
104.318
219.4162
89.0613
222.2498
277.2199
86.4255
281.161
67.5226
234.6434
272.6583
43.804
147.9553
100.0485
217.0998
325.5103
61.2561
277.8862
69.7389
174.938
202.2752
67.7698
307.7426
42.9339
205.4165
133.8225
62.0524
273.4807
70.2212
189.8982
300.3205
58.4902
146.0048
52.9101
153.8424
304.7404
45.6878
247.3071
91.6726
181.7482
246.5417
52.7928
184.4347
101.9796
98.036
258.5653
92.2894
304.7202
57.6562
122.1933
314.9585
68.9924
176.8268
56.5347
233.1077
315.1337
102.9502
279.5889
94.2105
98.3139
204.3529
76.6584
221.6891
70.451
101.257
191.2083
87.6243
159.9333
79.8152
208.8878
235.5259
47.7334
143.3207
70.486
190.1582
317.9945
74.2272
198.9614
78.136
183.7097
288.4404
321.0524
75.6043
63.0429
199.1554
123.9803
104.3927
165.9249
49.6988
215.6409
130.5814
73.8737
239.0722
57.1603
101.3927
320.1606
200.4152
85.754
53.7348
140.949
291.2683
67.254
141.6431
102.1264
227.4457
123.805
259.1156
92.5983
99.2825
115.7634
265.0575
84.2727
209.0853
97.9375
178.0579
267.6981
175.5099
81.1092
70.3829
123.3285
127.7711
97.7197
229.7157
56.5945
231.7925
324.6954
128.8043
53.1453
99.4788
164.6985
198.8307
245.1329
78.207
90.4753
202.7642
252.364
90.3149
299.2722
93.7843
169.495
143.4037
83.2363
135.3421
80.8666
148.4347
218.3184
92.7116
250.6206
82.2789
224.6042
165.0535
222.6932
61.925
101.6884
123.4679
188.9384
193.5131
95.6297
92.6656
142.8764
203.0231
71.7558
181.9825
80.0759
163.9188
193.7923
73.2098
215.4473
98.1867
179.0389
189.5649
72.1787
198.2051
71.2852
231.0407
238.0571
74.9543
125.3709
59.9051
194.521
245.7011
232.6042
99.6313
42.4066
119.577
323.2757
102.326
182.2183
52.2154
197.5207
153.9928
50.9776
124.879
97.0406
138.7603
325.1431
90.9014
252.4989
81.9595
134.5327
169.0777
55.8125
211.2029
64.9633
179.9661
133.8443
276.9176
91.8115
42.0885
220.2563
268.3918
218.6749
52.0087
94.2564
151.0145
265.4395
49.7038
146.2406
95.0676
206.1935
280.3192
45.0274
216.1821
76.433
178.8267
320.525
75.8502
178.6746
50.8832
206.6093
212.4313
79.0921
325.6934
99.1003
138.2244
123.9874
45.139
148.6821
84.0287
104.5075
287.1311
95.9844
138.0566
92.1546
135.2005
250.1639
58.9075
139.7898
67.1619
194.8992
235.2564
81.8483
163.907
50.7254
125.4527
315.6731
89.5793
186.7569
94.4065
163.3037
145.6026
79.1408
248.9993
57.0287
244.1856
255.0582
80.3902
177.4655
69.6709
111.8991
233.1879
99.3537
223.8275
53.2517
165.3714
318.1841
73.7909
162.9582
77.7699
180.1819
255.9257
103.793
231.6065
49.9866
239.3911
322.963
56.7856
298.7608
57.9327
203.9184
237.411
96.0932
234.9396
65.8357
238.2295
321.8689
80.6708
258.0891
67.0665
188.4818
248.2286
103.2911
283.8431
99.4982
229.4917
304.2091
59.0226
309.6371
95.5267
137.6371
236.7223
43.626
312.42
76.1746
222.1665
251.0864
64.8018
308.9247
99.4268
180.1092
190.9055
51.421
306.4045
77.8198
177.3663
295.2292
90.7856
157.5608
104.5391
245.8744
257.2615
44.9633
125.9713
78.8721
118.6818
175.6623
65.5219
239.1159
68.6188
148.4454
238.9005
59.644
162.3029
70.3812
141.1425
200.7844
87.3592
271.9445
104.5687
183.2541
143.9485
80.7422
166.3123
94.1506
180.2818
168.5319
82.5635
290.5621
94.0113
224.7204
269.4136
79.515
220.2455
66.8713
144.0528
298.6242
94.5298
289.8407
73.7999
177.2482
159.0824
65.1534
246.449
55.4137
130.2828
258.5592
58.5816
323.0913
84.2619
116.1235
151.4539
71.0259
256.9464
84.2143
156.3472
248.1799
86.9844
179.266
103.994
220.1922
96.393
176.0533
59.6624
127.5997
47.3863
327.859
92.7455
323.2271
71.0257
303.3285
95.6723
179.5796
83.5433
155.9539
49.9457
321.2072
101.4141
322.9404
103.816
241.818
76.961
150.364
49.8601
390.099
182.5537
102.3377
317.2894
62.6174
452.9247
250.1379
95.1081
236.2005
92.1368
375.2992
251.6035
83.6058
212.7084
84.6184
492.9186
319.1905
87.4932
157.637
49.2665
392.1468
195.783
103.9807
211.4605
76.0079
262.4836
168.3474
94.0454
132.7407
101.2107
334.0338
147.3693
94.6492
128.5651
51.4031
314.976
188.291
78.9586
242.9834
49.9922
361.0311
188.9497
68.5625
157.446
56.9827
512.931
205.0141
56.6914
227.2409
75.6956
516.8879
147.4224
57.4363
251.9314
44.487
411.0623
303.8199
91.967
305.7935
43.4668
346.0324
211.9961
48.7513
126.2537
60.2176
405.2625
211.3225
47.7733
150.3259
70.5132
425.5715
316.19
48.7525
285.0495
56.0378
583.6026
325.4463
89.3626
325.9267
85.104
450.2908
137.8336
82.4499
169.3599
78.3724
343.3326
273.4262
54.2523
231.0893
78.5697
381.6543
129.0674
67.6179
216.6302
79.2077
305.8811
147.8078
82.224
157.711
42.3022
447.8053
280.3422
66.7955
212.71
42.0915
401.8555
300.4473
48.3242
261.0935
93.7553
377.5652
326.4192
98.2867
321.8531
45.1332
254.0418
312.5112
66.8639
147.9429
98.444
549.4346
158.3705
73.1597
262.7177
72.0037
326.4047
230.4767
50.419
318.3696
47.9449
459.5926
235.5785
47.2476
132.3663
74.9353
392.0877
154.1316
87.8298
311.8882
59.8963
253.8968
143.7361
95.1481
200.2658
100.722
299.413
236.5741
66.2014
149.4175
62.9977
344.884
242.847
58.2237
290.2871
101.7191
354.8814
272.2131
48.9033
127.2809
49.0105
262.7693
225.2252
48.6013
192.7056
61.8438
557.1726
314.768
86.57
199.2058
72.7573
209.4653
124.0439
278.1093
271.5417
263.3157
308.995
231.2868
223.3405
320.2674
292.3087
152.5237
183.3291
203.9855
123.6249
146.1408
327.211
191.6659
145.5321
318.1265
309.4439
217.7255
263.3573
272.9552
223.2403
233.7605
275.316
322.722
280.6272
215.2486
310.9919
316.9282
222.4675
227.2664
170.4327
292.9535
149.3115
224.5973
291.2659
317.2614
168.7267
192.0308
159.1794
273.715
167.3434
326.3799
233.8541
156.015
158.2636
282.7948
306.0026
314.2252
146.6897
174.3029
277.5341
326.6136
212.6666
223.1784
256.0577
279.6144
143.6662
285.727
184.9303
288.6029
259.4023
282.3638
158.8664
272.3779
138.7275
128.4728
278.7517
262.7608
177.7448
288.4549
175.7369
127.5442
143.3577
235.6029
299.9354
218.1629
131.3871
227.9893
247.1109
204.9132
157.1
181.4074
155.6126
154.3047
224.5243
264.5785
199.5014
191.2131
273.2655
165.3184
190.3093
270.8816
217.6971
327.1534
323.1845
298.5291
253.3594
199.981
313.2962
287.3291
297.1858
293.7925
131.3113
232.855
207.7636
221.2068
250.5017
315.7234
235.2418
200.6077
272.6011
216.1188
157.7159
163.0371
150.9035
180.1459
303.9481
162.6654
261.2831
156.5353
219.1232
328.6411
210.8099
307.1108
146.9958
157.4197
189.4483
323.6354
316.249
173.277
296.9485
153.1593
311.1671
284.6328
218.4762
137.8253
238.8138
259.0425
188.7728
281.2214
272.8131
314.2612
143.7013
181.8255
289.5475
244.6395
287.9038
240.8461
236.1153
269.2821
141.9828
232.8435
142.733
244.8823
222.1185
320.9025
229.421
133.9389
155.3407
173.8286
177.7797
174.1734
238.8008
256.8536
171.4401
125.3795
153.3241
187.664
127.3666
185.675
240.2676
180.2025
304.5937
134.1672
272.2747
191.6443
231.1934
219.4021
222.8852
167.3818
217.0047
194.4795
270.9513
156.4179
290.2674
162.1203
232.9928
104.4702
240.2134
166.4721
52.7085
308.5601
80.0864
226.1055
290.8178
60.9513
101.0716
253.8086
45.8482
97.4284
160.877
89.6175
186.8402
231.032
199.2969
48.3368
107.1458
280.4812
202.0037
64.4266
106.7358
220.8766
182.7238
73.1589
178.9392
293.9009
222.6341
59.8726
213.3057
318.4874
110.6553
69.2294
191.7676
146.2902
245.4711
62.2158
246.1735
298.4469
107.201
93.1108
111.4835
271.3095
109.1919
91.8821
214.1333
202.9012
196.9524
79.3647
120.887
207.2605
165.9423
95.9459
144.9449
279.8978
206.3061
60.966
129.1753
215.3729
74.3053
226.0824
225.1954
63.3606
236.1975
53.5621
177.3894
70.8802
160.0294
72.5462
218.1261
82.6619
177.8072
101.4515
200.0043
62.3414
206.5306
65.4989
126.7179
97.1941
95.1778
44.0927
199.7508
67.1799
183.3858
86.3571
225.5185
55.5189
170.3194
103.3481
185.6792
78.6929
228.5708
89.7795
147.9358
62.0562
189.8294
84.0647
219.4239
53.6212
200.7101
95.0263
221.3069
44.0588
162.5278
60.7767
119.4673
83.525
151.9527
83.0106
206.2126
56.5866
110.3794
60.2878
215.6837
102.2754
196.4946
88.8127
187.179
65.1525
246.9204
103.7382
197.8798
56.2074
95.9657
97.1395
221.4872
77.4552
211.4104
97.513
132.0523
93.2258
136.9002
56.9578
102.808
62.368
168.926
86.0967
156.0798
90.9059
201.5094
95.2836
178.3812
55.1017
240.6174
72.7292
116.5689
64.3849
202.9751
80.8566
244.4583
44.2083
238.3439
78.4692
142.5731
49.5842
230.4833
98.1812
118.7264
70.8459
195.9097
55.0199
149.9023
89.0568
155.2164
69.1634
206.4339
104.4695
99.117
101.4232
107.7432
81.5027
158.5217
51.3258
110.9349
93.8692
142.8557
64.4774
201.3079
90.7454
185.477
48.3296
217.3718
104.2206
145.4488
75.4834
214.2302
87.712
165.0707
74.2844
120.2148
88.5675
132.4716
63.6763
228.4283
67.7099
140.2147
95.077
115.3777
54.904
188.264
82.4462
217.1526
52.0439
96.8105
52.6986
159.6273
82.7743
143.3542
87.2051
96.9373
65.7652
231.0859
68.3025
162.0068
100.0575
160.0131
87.504
170.1743
73.0972
152.4208
53.4701
189.99
102.3564
124.1572
99.7571
104.0285
56.8289
116.8829
53.9185
123.0876
64.1571
197.8203
98.677
101.4137
65.7207
128.6893
82.629
148.6218
66.6789
212.4111
55.2786
205.7465
69.7146
232.8149
42.1256
188.3896
49.0807
180.976
102.0541
103.198
45.4917
191.9652
99.3868
182.933
54.443
141.6871
62.6774
152.1626
100.6709
123.1328
65.6189
158.1348
93.6935
166.7718
56.3422
151.6602
82.6904
210.9557
65.8718
100.8586
89.3935
193.1048
59.5885
150.3943
87.1665
237.0974
74.2288
164.3528
62.054
128.6803
104.2245
188.1805
83.2711
158.866
64.0489
242.1353
44.3984
119.1832
96.6988
155.4681
102.422
120.2922
81.4945
115.08
43.7411
136.8784
87.0269
234.6709
58.3288
140.8841
70.3225
198.4223
73.3989
220.0363
67.1308
145.0266
46.1867
221.2789
47.6713
217.4023
100.8029
145.1141
95.1932
162.7044
94.5623
123.008
49.3232
170.266
90.7309
239.9113
46.3847
237.8785
60.2627
245.5973
97.6721
223.3413
85.8255
219.9172
70.0686
104.4869
57.2333
198.2179
83.3787
172.9086
93.3177
112.0714
77.3383
124.3934
62.2742
213.1091
97.4415
210.5848
66.6239
224.1536
63.4929
213.6735
65.1215
97.991
65.1667
206.9394
97.2331
196.0226
61.8071
164.7397
67.1833
190.6848
69.2641
238.0607
66.0536
246.9238
52.7005
156.0286
67.976
153.1612
56.0532
101.7918
98.1363
171.0829
42.1613
126.966
68.0519
144.2346
91.5065
168.3547
93.4432
183.8047
98.0306
229.9295
69.9624
132.1217
81.6133
172.0817
87.078
158.2967
85.5025
200.9274
74.5493
138.0838
92.2925
188.9718
58.1483
215.4351
55.9451
240.7135
85.6065
136.3716
88.836
178.7919
90.1764
194.6924
53.8986
108.0541
88.7066
197.6906
72.6123
132.4414
100.7263
132.4456
75.8554
156.8694
48.7337
133.4064
96.5121
167.2984
74.6661
111.8833
48.1775
182.9647
49.4166
215.7087
97.3646
103.2666
50.2325
71.7307
85.2578
82.234
83.9047
55.7467
83.7371
93.0805
95.0627
48.0393
93.5084
72.0798
45.7249
72.9877
42.2884
82.0612
69.2308
42.4542
49.6311
90.4191
100.8813
85.9366
86.9897
62.9707
81.0347
72.3374
92.6334
47.926
77.0367
90.7596
61.2159
69.1352
49.0524
94.8301
76.4957
49.1133
47.3008
65.0506
66.7101
45.3415
53.1919
90.6756
70.0999
75.3473
62.8657
87.6177
97.0882
66.0603
66.6338
65.8805
61.6096
84.9465
81.8233
96.0189
65.0936
65.4197
81.5233
69.1261
56.5994
66.0298
102.7331
100.8487
97.6026
86.9292
61.4131
98.9289
65.9355
42.1157
61.9388
100.7738
90.3787
44.9533
98.4554
89.5523
46.4052
93.4702
61.6366
76.3194
97.5776
68.9345
82.3444
101.6675
46.0966
79.2063
46.6919
62.4055
44.0025
44.368
78.0085
87.7648
50.529
68.1318
64.2069
47.6328
83.1087
51.5244
89.053
51.3142
96.5321
92.3486
97.8381
78.3188
88.7581
63.9237
88.9525
95.6774
86.8768
42.601
43.8634
63.2843
44.725
103.559
67.9929
47.7682
61.6541
83.3742
80.9999
98.3891
71.95
96.87
95.964
42.464
44.4056
75.7432
47.9709
50.8184
93.5455
61.4669
85.6019
51.7666
93.0032
86.9716
96.8235
104.1186
82.5504
56.6035
75.7815
59.714
51.279
96.8597
101.9958
58.9841
73.4351
86.4012
89.4586
64.0408
72.4053
97.8434
93.1344
98.7927
63.356
81.8229
70.3625
93.5895
87.0242
84.8431
73.662
58.8922
55.161
87.3959
87.4384
52.4721
43.1277
60.8618
44.0942
97.6363
53.1438
85.6862
51.0396
83.9807
98.6876
58.3342
104.1075
60.1707
74.5491
89.5218
74.8698
68.2488
74.0352
50.2252
66.3564
54.9696
50.8274
60.9665
97.6761
80.6625
53.9914
65.8782
94.0407
101.1214
59.6398
98.0433
87.6905
47.0218
60.7465
70.6142
94.223
43.3651
68.6133
70.2082
73.8231
44.4511
57.4898
50.0804
71.8963
49.8763
72.8449
239.7771
328.7365
312.261
228.6773
325.2259
185.4197
200.3079
284.4754
257.9046
127.4156
174.46
137.8492
254.0082
154.9876
137.2759
143.6919
205.5672
286.1626
294.7001
247.8945
290.8308
189.82
293.2615
304.9227
192.418
260.5346
277.2693
127.4179
275.8331
269.1835
202.1935
295.0053
220.3207
255.5861
147.4642
279.3336
308.0584
169.7715
165.9111
188.2555
253.1965
240.9938
289.2534
151.0
174.0
167.0
149.0
194.0
135.0
128.0
161.0
200.0
198.0
162.0
129.0
167.0
185.0
194.0
202.0
169.0
178.0
188.0
172.0
144.0
148.0
205.0
124.0
191.0
188.0
171.0
171.0
135.0
132.0
162.0
157.0
169.0
193.0
170.0
171.0
201.0
146.0
127.0
192.0
152.0
133.0
185.0
155.0
173.0
131.0
132.0
152.0
176.0
187.0
187.0
129.0
333.0
133.0
310.0
162.0
340.0
168.0
284.0
199.0
259.0
149.0
283.0
124.0
250.0
126.0
372.0
124.0
282.0
124.0
293.0
137.0
302.0
165.0
265.0
203.0
249.0
156.0
350.0
147.0
305.0
155.0
284.0
195.0
299.0
175.0
340.0
143.0
292.0
163.0
320.0
203.0
329.0
133.0
294.0
129.0
286.0
175.0
354.0
193.0
258.0
201.0
239.0
137.0
263.0
201.0
273.0
170.0
341.0
126.0
295.0
153.0
260.0
135.0
338.0
180.0
281.0
164.0
279.0
142.0
245.0
189.0
277.0
198.0
328.0
159.0
362.0
135.0
377.0
127.0
316.0
156.0
308.0
129.0
358.0
199.0
376.0
137.0
240.0
199.0
374.0
145.0
343.0
167.0
235.0
200.0
366.0
151.0
287.0
187.0
298.0
199.0
371.0
200.0
242.0
189.0
317.0
146.0
280.0
136.0
281.0
201.0
281.0
203.0
252.0
144.0
379.0
129.0
292.0
157.0
284.0
145.0
343.0
127.0
300.0
168.0
358.0
146.0
382.0
175.0
317.0
201.0
364.0
179.0
270.0
161.0
381.0
127.0
332.0
145.0
273.0
148.0
289.0
127.0
310.0
183.0
332.0
139.0
270.0
164.0
360.0
134.0
370.0
152.0
279.0
170.0
313.0
146.0
309.0
179.0
322.0
138.0
319.0
176.0
255.0
194.0
312.0
146.0
284.0
133.0
282.0
171.0
311.0
158.0
250.0
133.0
250.0
184.0
374.0
150.0
270.0
165.0
359.0
137.0
238.0
189.0
346.0
200.0
297.0
131.0
371.0
148.0
342.0
189.0
311.0
178.0
251.0
184.0
378.0
140.0
301.0
154.0
292.0
152.0
267.0
168.0
262.0
136.0
362.0
180.0
291.0
197.0
302.0
206.0
281.0
140.0
346.0
172.0
337.0
156.0
305.0
137.0
349.0
176.0
286.0
125.0
379.0
196.0
367.0
187.0
358.0
161.0
286.0
201.0
287.0
145.0
289.0
189.0
265.0
177.0
271.0
160.0
254.0
128.0
363.0
140.0
267.0
206.0
274.0
185.0
359.0
124.0
347.0
169.0
266.0
188.0
190.0
273.0
200.0
337.0
171.0
297.0
157.0
316.0
183.0
309.0
137.0
278.0
191.0
375.0
145.0
285.0
145.0
240.0
161.0
251.0
159.0
366.0
153.0
327.0
128.0
305.0
191.0
334.0
148.0
261.0
133.0
296.0
203.0
319.0
152.0
307.0
327.0
280.0
287.0
315.0
300.0
285.0
250.0
381.0
325.0
376.0
265.0
254.0
279.0
360.0
284.0
360.0
325.0
358.0
351.0
313.0
234.0
243.0
380.0
367.0
307.0
315.0
258.0
256.0
238.0
254.0
331.0
288.0
249.0
281.0
371.0
285.0
307.0
242.0
318.0
367.0
289.0
383.0
298.0
308.0
320.0
356.0
296.0
303.0
360.0
316.0
320.0
338.0
378.0
120.0
103.0
120.0
97.0
126.0
138.0
111.0
117.0
120.0
95.0
131.0
151.0
144.0
122.0
104.0
137.0
108.0
122.0
152.0
125.0
112.0
130.0
106.0
110.0
113.0
127.0
104.0
128.0
142.0
148.0
152.0
121.0
136.0
111.0
120.0
133.0
95.0
124.0
141.0
150.0
109.0
113.0
135.0
152.0
111.0
151.0
136.0
139.0
117.0
149.0
135.0
110.0
109.0
110.0
114.0
117.0
98.0
103.0
129.0
145.0
102.0
192.0
147.0
204.0
147.0
157.0
151.0
267.0
143.0
163.0
104.0
263.0
112.0
156.0
125.0
177.0
98.0
254.0
95.0
263.0
115.0
198.0
98.0
182.0
119.0
266.0
97.0
222.0
129.0
197.0
126.0
236.0
132.0
195.0
98.0
218.0
125.0
229.0
134.0
151.0
119.0
173.0
114.0
251.0
112.0
259.0
136.0
232.0
144.0
240.0
145.0
231.0
136.0
198.0
110.0
173.0
139.0
200.0
119.0
158.0
147.0
222.0
121.0
268.0
148.0
180.0
141.0
265.0
115.0
170.0
132.0
260.0
107.0
185.0
127.0
215.0
133.0
259.0
146.0
254.0
112.0
199.0
151.0
249.0
146.0
204.0
121.0
188.0
107.0
220.0
125.0
244.0
132.0
201.0
145.0
174.0
146.0
240.0
141.0
227.0
127.0
175.0
133.0
235.0
142.0
251.0
116.0
217.0
108.0
210.0
143.0
234.0
136.0
248.0
147.0
191.0
110.0
202.0
133.0
201.0
141.0
246.0
139.0
252.0
142.0
216.0
134.0
197.0
143.0
218.0
140.0
170.0
108.0
248.0
123.0
179.0
148.0
149.0
136.0
202.0
119.0
158.0
137.0
230.0
113.0
183.0
134.0
155.0
133.0
225.0
138.0
257.0
128.0
184.0
129.0
222.0
127.0
168.0
122.0
232.0
104.0
154.0
148.0
205.0
124.0
231.0
141.0
228.0
97.0
225.0
118.0
167.0
123.0
180.0
118.0
253.0
146.0
190.0
146.0
241.0
129.0
164.0
125.0
198.0
117.0
246.0
150.0
244.0
148.0
257.0
103.0
171.0
126.0
259.0
142.0
186.0
114.0
233.0
151.0
215.0
125.0
193.0
138.0
153.0
100.0
194.0
139.0
237.0
146.0
216.0
108.0
195.0
147.0
183.0
141.0
196.0
101.0
210.0
148.0
186.0
126.0
190.0
99.0
218.0
138.0
170.0
119.0
229.0
144.0
233.0
134.0
235.0
127.0
202.0
99.0
185.0
123.0
239.0
129.0
234.0
109.0
268.0
98.0
230.0
104.0
202.0
122.0
154.0
115.0
253.0
126.0
204.0
136.0
234.0
130.0
225.0
152.0
265.0
109.0
226.0
106.0
256.0
135.0
163.0
122.0
264.0
144.0
199.0
95.0
231.0
130.0
209.0
113.0
224.0
104.0
177.0
137.0
148.0
103.0
183.0
152.0
209.0
117.0
245.0
134.0
242.0
109.0
166.0
146.0
193.0
146.0
209.0
102.0
158.0
160.0
183.0
132.0
196.0
183.0
179.0
199.0
163.0
140.0
160.0
164.0
185.0
198.0
195.0
172.0
169.0
162.0
192.0
198.0
150.0
182.0
178.0
142.0
176.0
157.0
179.0
161.0
205.0
200.0
132.0
184.0
170.0
157.0
163.0
177.0
127.0
146.0
150.0
141.0
190.0
152.0
178.0
203.0
194.0
179.0
201.0
193.0
155.0
202.0
129.0
198.0
191.0
152.0
168.0
160.0
149.0
123.0
168.0
123.0
150.0
125.0
166.0
204.0
192.0
146.0
141.0
162.0
201.0
194.0
163.0
162.0
152.0
188.0
163.0
174.0
132.0
177.0
174.0
159.0
205.0
203.0
189.0
202.0
183.0
143.0
130.0
204.0
137.0
159.0
148.0
139.0
125.0
152.0
133.0
175.0
170.0
190.0
205.0
203.0
180.0
179.0
204.0
164.0
187.0
155.0
181.0
161.0
176.0
198.0
157.0
130.0
191.0
134.0
136.0
164.0
142.0
186.0
123.0
173.0
156.0
189.0
139.0
178.0
156.0
175.0
139.0
167.0
190.0
141.0
176.0
173.0
196.0
148.0
197.0
205.0
183.0
131.0
159.0
129.0
201.0
136.0
125.0
162.0
173.0
181.0
196.0
179.0
202.0
163.0
170.0
206.0
181.0
143.0
139.0
128.0
154.0
169.0
130.0
189.0
183.0
142.0
129.0
130.0
134.0
128.0
147.0
143.0
155.0
181.0
189.0
190.0
137.0
152.0
179.0
146.0
199.0
197.0
205.0
203.0
130.0
170.0
149.0
168.0
137.0
128.0
151.0
178.0
203.0
178.0
184.0
140.0
185.0
150.0
178.0
148.0
204.0
124.0
175.0
152.0
173.0
184.0
195.0
165.0
131.0
166.0
171.0
161.0
183.0
184.0
180.0
189.0
192.0
195.0
189.0
166.0
173.0
183.0
159.0
124.0
201.0
149.0
149.0
150.0
172.0
179.0
180.0
141.0
139.0
195.0
137.0
138.0
187.0
156.0
175.0
199.0
202.0
141.0
204.0
152.0
125.0
134.0
196.0
161.0
163.0
201.0
201.0
157.0
146.0
176.0
168.0
175.0
137.0
160.0
129.0
124.0
168.0
188.0
145.0
153.0
203.0
201.0
155.0
187.0
161.0
132.0
183.0
173.0
199.0
203.0
165.0
153.0
125.0
156.0
161.0
184.0
133.0
190.0
161.0
144.0
152.0
149.0
177.0
178.0
143.0
146.0
164.0
151.0
162.0
177.0
156.0
163.0
152.0
154.0
126.0
155.0
165.0
126.0
180.0
195.0
137.0
163.0
159.0
178.0
127.0
204.0
194.0
177.0
143.0
161.0
128.0
147.0
139.0
184.0
159.0
168.0
178.0
188.0
186.0
158.0
200.0
206.0
204.0
184.0
154.0
206.0
160.0
178.0
142.0
186.0
196.0
155.0
139.0
155.0
137.0
140.0
188.0
197.0
163.0
138.0
143.0
125.0
172.0
135.0
192.0
152.0
141.0
185.0
154.0
130.0
129.0
133.0
176.0
128.0
171.0
131.0
173.0
134.0
190.0
132.0
173.0
129.0
137.0
147.0
165.0
137.0
164.0
131.0
153.0
123.0
146.0
156.0
154.0
202.0
164.0
147.0
161.0
154.0
148.0
135.0
196.0
176.0
150.0
142.0
203.0
170.0
170.0
161.0
184.0
203.0
187.0
190.0
199.0
171.0
160.0
128.0
131.0
201.0
204.0
123.0
200.0
180.0
172.0
191.0
183.0
133.0
131.0
152.0
162.0
165.0
189.0
123.0
127.0
152.0
135.0
169.0
168.0
199.0
160.0
201.0
145.0
123.0
194.0
204.0
139.0
158.0
173.0
135.0
176.0
151.0
130.0
166.0
163.0
191.0
167.0
180.0
198.0
128.0
150.0
144.0
159.0
188.0
146.0
200.0
193.0
169.0
202.0
161.0
191.0
193.0
154.0
199.0
141.0
126.0
140.0
134.0
174.0
123.0
186.0
131.0
142.0
166.0
186.0
175.0
140.0
168.0
168.0
190.0
180.0
167.0
131.0
194.0
138.0
198.0
154.0
198.0
177.0
134.0
168.0
179.0
190.0
164.0
131.0
140.0
134.0
184.0
188.0
142.0
148.0
183.0
155.0
137.0
139.0
128.0
195.0
148.0
193.0
152.0
130.0
152.0
203.0
169.0
181.0
137.0
159.0
195.0
176.0
150.0
151.0
186.0
194.0
194.0
195.0
147.0
126.0
154.0
183.0
124.0
162.0
206.0
172.0
171.0
162.0
151.0
125.0
188.0
174.0
124.0
186.0
199.0
202.0
167.0
170.0
193.0
177.0
172.0
192.0
203.0
145.0
188.0
173.0
157.0
157.0
196.0
172.0
200.0
128.0
186.0
157.0
135.0
174.0
190.0
158.0
184.0
127.0
147.0
127.0
141.0
155.0
192.0
146.0
151.0
132.0
184.0
183.0
166.0
157.0
185.0
193.0
170.0
193.0
180.0
191.0
182.0
133.0
135.0
162.0
205.0
158.0
130.0
143.0
128.0
188.0
143.0
151.0
175.0
131.0
174.0
172.0
151.0
128.0
146.0
135.0
151.0
141.0
131.0
143.0
143.0
156.0
129.0
154.0
145.0
157.0
177.0
170.0
149.0
162.0
203.0
179.0
166.0
172.0
148.0
182.0
242.0
193.0
162.0
148.0
265.0
133.0
181.0
162.0
146.0
185.0
200.0
157.0
153.0
170.0
157.0
132.0
187.0
172.0
178.0
185.0
229.0
187.0
128.0
128.0
231.0
159.0
184.0
195.0
159.0
125.0
150.0
172.0
157.0
170.0
149.0
166.0
170.0
211.0
172.0
156.0
177.0
170.0
163.0
145.0
159.0
141.0
191.0
135.0
205.0
171.0
131.0
191.0
124.0
148.0
196.0
199.0
200.0
124.0
156.0
152.0
133.0
145.0
181.0
198.0
198.0
127.0
146.0
122.0
143.0
113.0
160.0
173.0
140.0
194.0
95.0
204.0
148.0
157.0
101.0
160.0
118.0
205.0
128.0
203.0
150.0
203.0
96.0
206.0
133.0
154.0
141.0
149.0
97.0
124.0
96.0
129.0
136.0
194.0
98.0
144.0
140.0
153.0
107.0
132.0
119.0
196.0
96.0
188.0
96.0
129.0
147.0
157.0
119.0
151.0
135.0
144.0
136.0
178.0
122.0
134.0
107.0
145.0
130.0
154.0
125.0
195.0
143.0
176.0
144.0
142.0
112.0
203.0
176.0
149.0
130.0
190.0
122.0
150.0
184.0
145.0
124.0
113.0
63.0
48.0
51.0
59.0
42.0
45.0
46.0
50.0
46.0
42.0
48.0
61.0
56.0
42.0
63.0
58.0
51.0
51.0
45.0
62.0
58.0
61.0
62.0
185.0
250.0
198.0
144.0
178.0
143.0
161.0
175.0
155.0
278.0
273.0
337.0
321.0
277.0
360.0
273.0
375.0
134.0
156.0
192.0
131.0
188.0
152.0
170.0
159.0
197.0
169.0
147.0
137.0
161.0
174.0
191.0
172.0
185.0
203.0
128.0
140.0
126.0
169.0
137.0
156.0
155.0
201.0
184.0
149.0
206.0
155.0
205.0
201.0
141.0
153.0
158.0
171.0
128.0
