43.0348
26.9749
46.0161
36.5542
39.6768
34.0711
49.6536
33.7343
28.4004
20.7211
13.5027
39.9871
25.5185
50.3842
45.156
18.2818
19.6706
35.8076
26.4351
29.3731
12.6115
15.3611
50.5596
34.7938
29.1985
10.4901
6.5752
26.1466
36.3341
19.3512
15.9681
29.1285
37.9834
8.3713
43.7108
315.9081
273.3477
232.4708
319.7268
304.293
180.7916
208.7425
137.2378
328.9193
305.2396
50.8254
8.2204
29.9522
29.7619
24.9364
20.6282
44.8465
14.3802
13.0833
26.0613
14.1974
44.2679
8.6239
36.2565
38.1803
9.6524
23.9729
38.7658
4.7304
4.6281
243.0117
315.1488
217.9553
261.2581
150.2465
283.2666
196.7704
154.8429
156.4663
171.1092
133.9302
326.227
150.2895
320.7078
210.3168
239.0926
47.775
9.285
9.9106
37.8317
48.5776
46.9003
46.2901
18.8702
45.1817
26.8968
46.4047
17.1007
21.9373
1.0135
3.1108
26.7191
37.6395
8.5213
31.7546
19.8482
38.5298
2.6888
43.8691
14.4887
30.5166
13.1507
39.3948
25.7465
9.5101
32.5896
29.4304
36.428
8.1932
35.3339
33.6035
46.1914
34.7849
24.9717
11.0378
26.8476
4.4019
17.8983
31.6038
25.1295
46.4864
49.8415
24.6547
13.277
12.4391
42.848
5.78
42.134
6.0872
40.9648
28.2527
1.1101
15.9114
13.9168
34.7987
34.3315
42.0701
39.4561
47.0879
2.5884
33.1822
6.7497
24.9235
16.2809
27.5661
35.173
4.5011
45.4761
31.1805
25.1921
35.3117
39.4064
9.8762
50.6436
28.2835
9.2762
26.7385
14.6616
3.5833
45.0856
16.2899
24.752
35.1458
49.3413
6.1193
46.0795
30.4498
27.9946
23.1144
15.9098
8.3299
31.7284
5.9016
46.3386
44.6936
38.8122
37.3292
6.9399
45.9025
14.1521
10.8828
13.7841
32.2859
17.8831
2.78
6.3979
19.7694
20.8843
37.167
19.6834
25.932
13.9436
5.3258
3.5599
47.9497
21.9558
31.0995
9.1622
13.8343
4.5104
13.8532
46.8009
45.1494
39.5074
27.2145
27.583
38.9604
47.0339
6.5718
27.5924
29.1719
45.9342
22.2623
46.4287
34.3615
7.2442
41.9141
13.7547
26.1033
12.2169
31.1891
17.7424
2.1259
27.6488
48.6433
15.7159
31.103
21.0014
29.6203
29.3353
6.5002
22.9316
31.1592
31.6804
7.2232
50.4568
9.3811
48.4499
36.495
26.2452
11.1972
2.7409
21.2191
19.421
5.5909
32.9195
38.9028
5.972
18.4463
20.9567
44.3402
2.3717
18.9276
34.2758
43.6939
14.3518
34.7631
7.6458
9.3682
13.9082
48.4411
22.9529
45.128
11.5765
46.2989
33.7932
47.297
27.7809
7.769
28.7545
14.5584
36.6405
32.6408
31.9914
35.8802
8.0102
10.1051
2.2457
33.4058
8.7368
34.5704
11.8263
4.7745
42.1315
19.7719
15.2362
47.2769
5.4861
4.5394
3.1218
4.5033
29.1067
30.7506
31.0159
4.7054
49.5117
23.6365
42.1877
2.5954
22.7521
46.8197
6.2602
40.177
32.0823
4.9769
1.8733
23.3917
38.4623
22.1522
43.8596
43.0214
33.7346
16.6358
44.6479
22.6856
24.0906
26.3455
3.1184
22.2726
1.1494
20.267
31.061
37.5947
6.5731
46.1115
47.9624
6.8992
15.3058
45.9721
30.0711
47.0377
8.9445
2.443
29.7284
16.4337
18.9493
15.7265
49.3935
40.6223
9.8249
39.8853
28.3938
44.4745
44.8018
18.2968
14.1919
39.0585
16.2167
39.2842
35.0229
12.9386
19.8397
38.7818
5.3447
50.7858
18.2126
3.7649
25.8705
28.0781
1.3057
5.6975
48.7209
29.688
32.7958
34.9323
50.0421
5.3494
42.6144
32.1315
33.1815
32.6656
13.6201
22.2908
13.6975
12.8472
22.4013
49.6379
25.8278
20.1939
11.777
36.1283
16.0618
11.4699
16.2625
46.1431
13.4805
21.2765
43.1363
7.1345
10.3132
47.9634
24.1902
4.8174
21.0003
37.1129
23.4231
2.4932
37.5931
2.7922
10.4078
23.3443
21.1957
3.6459
16.9757
21.4692
44.9803
36.9193
12.2695
1.7335
9.706
50.0263
31.003
30.3725
28.43
7.8371
33.3472
21.1443
19.2284
47.0299
26.1721
29.0134
28.5365
45.0351
10.9849
20.147
15.8415
31.8145
10.1417
9.1931
26.1705
19.5436
38.6017
42.9763
14.2681
40.116
30.6823
3.1019
17.7672
37.1939
34.446
44.381
45.492
34.8393
9.5344
32.6552
15.764
34.7948
38.9205
40.2991
18.8095
15.4437
30.8412
2.8523
37.7015
33.7249
28.7015
44.0477
46.3487
21.4439
31.1417
19.8914
17.2898
45.0277
3.2886
1.6435
36.0951
46.5617
2.5181
50.3961
28.4302
34.4924
38.5639
11.3212
15.487
46.4525
18.1817
22.9554
30.5217
9.0133
4.0284
2.6949
39.7361
50.6891
18.0263
43.1558
12.2478
27.9913
27.586
42.8967
38.846
16.5667
17.7016
9.4493
16.4385
50.3795
44.67
12.9573
36.0537
27.3581
44.1909
30.9097
24.5082
32.475
23.4166
7.2084
30.9392
12.2566
22.1016
50.0842
19.1306
17.1054
41.9975
48.5877
31.0796
26.2688
26.4694
45.8963
24.5906
26.5491
37.1895
14.8257
25.6888
4.0198
19.2651
39.097
17.2113
32.4862
2.9404
25.4647
38.1233
24.1043
49.1401
29.7638
9.8768
15.2872
22.7397
10.9129
37.8751
31.7686
42.257
32.8899
45.0571
31.3296
15.0033
1.7654
41.5364
26.7032
44.6889
32.0815
30.2952
18.9717
31.2874
41.0391
5.8652
23.4529
16.2545
5.4991
50.3444
50.6999
16.7656
13.7177
25.4685
35.4395
36.8025
43.4271
23.1683
11.0609
13.6034
11.8782
1.4277
14.4647
37.2246
23.9508
18.6728
5.0896
5.6397
11.3893
40.7296
7.3794
19.6756
7.3261
28.0365
20.9224
30.5148
36.0286
44.8606
26.4594
14.4072
22.6926
41.5253
36.2539
41.7183
12.2648
9.3622
47.8561
50.7719
26.7901
17.3369
35.3603
13.0626
23.1086
12.6646
3.2927
8.9756
19.7219
44.0865
2.9388
3.233
4.2189
50.6207
15.2885
19.2028
44.9725
7.4309
15.133
11.8842
37.4579
32.7461
14.9498
20.0984
5.2881
50.8863
45.2421
32.4012
19.2502
47.2191
44.2918
42.7366
29.5098
44.5005
3.9492
39.8627
17.8062
19.8853
37.0911
50.4271
30.1386
18.6418
49.5607
39.9609
15.5498
6.3882
35.6842
1.6396
42.4771
30.7466
27.1507
31.6851
23.7211
33.5785
24.4078
50.6649
48.9595
15.6569
28.0
28.5033
23.8835
46.5519
49.1041
10.7077
44.7026
32.4401
8.3456
38.5939
7.0147
38.2543
39.5296
36.3701
41.6051
15.0875
27.9254
36.0405
37.7469
23.4229
8.7276
27.15
39.0828
19.0649
33.4348
17.443
15.183
35.6685
46.9497
12.3527
12.4407
13.0258
42.9328
29.621
31.2277
41.9791
21.4736
9.7444
39.1406
6.4347
2.7393
41.1106
33.4065
45.6036
23.4011
31.269
8.1243
40.3803
6.1653
26.7588
26.7723
23.0181
24.8942
16.6502
9.5889
32.2295
20.4777
50.4245
5.6777
21.136
1.3283
33.7088
3.9108
11.977
50.4558
46.9832
19.2373
11.6415
50.5311
18.2371
10.2479
27.6789
23.7634
19.4894
6.3838
44.899
5.0517
31.1746
19.6081
48.545
49.3019
29.2291
22.8769
30.2642
11.3563
25.7824
47.3719
41.5688
5.43
37.6262
2.9106
37.045
2.946
27.3022
19.418
43.988
35.3724
7.3758
33.3769
43.1875
10.5329
1.6945
14.9935
37.2295
41.7257
31.5638
15.5063
3.4032
36.3846
25.593
27.215
33.3333
17.9206
46.0528
4.6586
10.8968
38.8915
48.795
36.4749
20.1192
14.056
11.1286
46.8985
26.3143
47.0416
45.0316
50.0498
45.0907
29.5949
33.9499
17.6961
38.0634
36.4312
37.5213
12.0925
28.5757
2.4887
10.4494
34.5626
37.3814
34.5903
15.8206
34.4422
26.0138
21.1133
4.0646
43.1624
2.9553
37.4586
17.6101
50.5921
36.7754
11.6864
15.4607
25.2595
21.3335
34.8086
1.7152
18.918
16.6277
47.0808
25.2846
21.2174
24.1115
33.0184
4.2934
10.8582
41.0899
10.7886
36.2254
44.9123
24.9995
30.6655
19.5041
48.745
50.1594
27.3917
32.4698
15.4033
36.7028
34.0138
12.3209
3.6814
39.5691
15.9534
12.7289
13.9652
18.9697
45.7392
26.6939
32.3626
27.5314
45.4657
49.4039
5.7703
30.2662
9.38
10.5423
46.1469
18.1433
15.2287
50.8979
34.8745
3.7832
14.7076
30.4527
10.1499
12.0625
46.1357
39.5522
14.5377
35.4988
10.5718
26.9945
44.3182
14.1754
46.0012
8.9253
27.0795
22.672
22.9397
30.2889
9.1265
1.9871
18.8358
16.2549
9.7242
12.7626
7.9964
24.531
44.9392
7.2703
28.4224
40.7684
39.9118
21.5692
6.9082
48.3788
34.7654
26.0137
39.0431
1.0049
46.0516
41.8725
31.3512
30.6242
22.6298
34.2079
18.7091
36.8129
32.1945
26.3744
21.4065
23.0591
32.291
49.5092
2.7457
24.1884
17.6013
41.2203
29.9219
4.9507
43.5291
41.3184
28.0834
3.6165
4.6833
48.8951
49.9449
46.0413
45.7323
4.3162
11.1061
15.0821
1.2911
41.7814
14.3256
27.4847
1.0082
22.9912
4.4095
45.4111
35.8293
10.169
9.0919
32.6348
11.5456
17.203
30.3197
6.1096
16.1725
41.0043
4.7
32.0998
48.4544
21.3162
1.5246
22.362
45.8606
6.1701
21.7597
49.9766
11.8091
11.9466
1.6691
26.3544
23.548
11.5827
10.3374
10.678
4.1242
11.8579
11.2659
10.5857
14.1854
40.8975
34.4372
28.2696
11.986
10.0479
26.7734
9.3315
42.9091
40.1106
15.7639
12.7266
3.0683
50.5628
33.1923
38.9246
25.1151
1.8467
3.3661
30.0286
8.2593
5.0805
3.0325
40.0161
8.6944
20.6206
48.2643
15.5031
21.125
6.7989
7.0018
27.4806
16.9068
2.864
24.6636
2.3341
9.4363
35.6719
34.2676
16.1311
42.8679
28.0039
1.8523
39.6481
45.9862
7.5286
32.6442
2.9055
9.1279
19.3837
33.3903
37.0934
28.4236
32.1177
41.556
48.6913
18.3178
46.3146
42.6854
35.3251
20.3312
17.6141
3.1289
15.4498
33.3393
41.0478
46.5628
14.3105
8.272
11.6281
49.2617
26.8063
38.0756
26.9554
20.9259
13.8694
32.0331
31.2555
25.0281
32.769
42.0997
16.7091
25.1125
3.3628
7.7923
47.2079
21.2618
21.7408
5.3556
1.7472
14.0467
49.9439
26.434
49.5623
1.6757
35.4883
21.2905
16.8164
29.7886
47.2865
21.7413
35.169
22.3672
5.2325
9.4141
25.8807
26.5828
29.203
15.691
19.257
4.0606
39.5242
30.7602
38.1831
46.0077
5.0688
10.5775
36.2757
29.9391
7.0686
2.2299
25.7517
21.3276
16.4641
10.1927
7.512
4.4163
20.1645
48.2898
26.1383
2.6476
26.9493
14.7881
15.5226
20.7011
36.9192
41.0044
26.678
6.975
19.3875
47.0459
37.9191
47.5052
12.9063
41.878
39.0607
9.7869
37.7277
28.7854
5.5462
7.7463
45.4289
21.4824
35.5004
7.2065
22.6634
40.6321
12.5918
34.5984
16.0513
45.3476
30.2957
40.39
3.0803
9.3741
18.6677
2.7397
49.5664
27.0925
3.0656
36.2241
17.7071
30.2352
45.4004
45.1511
20.059
12.2706
22.4547
30.9375
3.8841
43.7885
32.5705
28.3158
47.232
18.909
41.5923
5.7274
2.8621
49.739
31.3404
21.1724
38.6581
23.2156
49.0978
26.0012
43.5485
2.3007
24.609
5.6719
46.1219
41.4331
21.92
38.3375
29.1107
44.395
27.0326
39.2916
16.7153
21.3139
38.7989
41.7653
13.3551
50.398
29.7509
42.3564
31.8518
19.1948
25.6407
12.4652
16.2924
9.6606
17.3573
45.5193
39.8622
1.1465
16.5936
23.4924
40.805
45.5317
47.1526
45.2527
50.3372
19.1751
27.1136
13.6245
14.8306
27.1074
43.2206
27.703
20.8797
25.9519
47.8105
21.9348
45.9745
43.4357
20.3663
33.7578
29.4319
4.0485
30.3618
17.1922
37.9669
22.4007
15.4533
50.6797
37.8405
48.1532
49.2844
13.6915
30.8775
39.0154
16.1816
28.1569
14.8245
1.2459
35.8529
27.612
39.5025
20.3476
39.8434
29.1224
49.0094
8.2067
42.9534
40.5102
26.8371
16.8069
27.0978
38.1932
45.1923
12.8375
12.1619
49.0442
12.0486
22.0176
28.3006
13.0823
9.5012
36.7695
26.8373
42.5345
24.8637
36.0068
22.4313
26.8325
41.6135
41.2365
47.5163
12.4608
30.7838
28.9313
21.1541
11.2267
14.6966
35.1884
38.4007
10.4969
14.0423
25.072
23.0537
24.2236
36.2364
5.7226
6.2256
34.1859
17.7194
39.3212
45.5832
26.7719
45.4156
9.309
35.2974
31.8564
2.926
10.89
24.7646
16.8541
15.2076
24.7861
14.9917
30.8814
1.4731
41.4619
35.1804
31.1112
39.8493
31.6044
18.4982
5.8821
48.9389
7.5193
45.2954
36.9008
50.857
39.2925
4.1037
15.9776
47.5495
29.0704
35.6475
50.1386
17.2492
6.6253
22.8014
2.6819
20.7855
39.5005
19.9474
26.7766
48.141
1.4669
28.5146
2.5502
34.1295
13.7777
21.6249
38.2678
28.3737
14.7693
49.7264
41.1761
18.8688
24.737
20.8622
3.8712
30.3436
4.6991
43.8012
37.641
48.3665
9.6699
49.6527
15.1459
7.6939
9.3717
17.7898
11.017
28.7159
41.9471
24.9242
50.4886
39.035
29.1688
12.0063
43.0255
28.1914
14.8995
22.2658
40.0635
2.3554
42.1152
5.1643
13.4531
32.4113
7.6853
5.2973
3.9789
23.2885
28.2916
12.3647
37.4249
24.6246
15.368
38.2209
49.0592
2.8994
41.7611
9.7205
46.1393
3.0381
37.9346
21.5931
22.066
43.1547
30.9843
31.911
15.1634
9.596
35.4775
3.8569
29.7195
50.741
21.2005
1.4517
6.8921
7.1271
19.269
33.6728
48.37
12.394
34.7517
10.9709
6.2716
4.2734
10.9537
30.5877
8.6745
47.4049
37.8254
42.2811
41.3898
40.1138
14.586
14.0814
3.1256
5.466
14.593
18.5346
43.0339
2.8979
8.7387
43.5283
26.7887
40.5201
32.2206
48.2523
9.8184
19.8028
28.4098
34.1151
24.0954
3.7784
22.7285
32.5141
7.9828
17.1277
18.9539
26.2528
27.0469
11.5707
20.1757
19.102
47.4631
12.8403
6.7645
48.5211
32.6784
6.1916
4.1468
49.8821
38.3369
15.889
43.934
26.6865
30.1354
40.4066
13.0172
10.2165
44.2442
19.1946
46.618
3.8305
50.2143
28.7832
2.9727
1.6943
11.8855
35.7359
9.3305
49.1297
22.7189
21.5099
41.2616
21.9695
18.1991
39.6439
39.8959
45.3241
39.483
18.8683
34.6544
47.9952
39.3181
36.7169
22.2859
7.415
33.4127
7.0207
6.588
31.4444
7.9096
1.2726
27.0656
47.6305
46.3985
8.2794
48.9719
27.605
37.9984
28.7498
1.6781
14.197
21.4493
1.5198
37.1315
41.5383
8.8738
15.9746
35.2911
43.9577
16.8997
30.9029
8.8658
37.791
12.1851
43.5045
5.4352
31.3749
3.0419
33.57
21.0967
22.4488
28.824
46.9651
26.1578
28.957
14.035
29.4742
10.0852
18.8209
14.6971
26.7932
29.9208
6.6481
40.4414
29.014
43.6918
20.5446
36.99
8.3
27.9679
10.2199
10.2433
26.6298
16.6576
18.3992
15.0238
26.469
6.3889
21.2046
18.6904
11.0316
2.3827
9.6177
32.3068
22.4027
27.6058
33.4079
29.8299
35.218
37.1778
10.9862
48.8812
50.8315
19.5099
23.5418
35.0714
1.9535
25.4672
9.5192
5.5687
10.5995
46.9738
6.0149
16.6373
32.8668
16.9176
47.0003
24.2136
22.5411
22.9667
24.4208
26.2506
1.8337
18.9706
47.1776
20.5282
41.6621
28.9987
44.7626
1.9121
25.8103
20.756
6.9022
8.6395
3.0404
27.1208
27.9529
8.1174
18.779
16.8601
34.9999
38.94
13.3584
8.2078
21.6285
47.3667
26.972
31.9292
35.1633
23.3441
12.4839
33.7491
23.8189
3.3183
26.037
9.5807
41.656
14.5509
42.0108
40.876
33.507
38.4365
23.307
41.6017
29.1153
18.4162
20.1753
42.8505
15.6221
31.4874
20.8417
25.9105
30.2448
31.0342
35.0622
19.7428
20.5033
2.7322
7.4008
4.2567
7.6839
4.6308
30.5125
6.5239
10.3729
37.1711
10.0165
43.1376
38.8447
8.8704
21.6505
48.2998
7.8594
28.6878
48.3269
33.9076
35.0047
16.6771
39.4406
4.9148
44.1071
30.4483
47.3357
50.5557
28.4451
6.1725
16.1903
49.6482
46.5142
9.4033
26.7618
16.1296
23.9221
32.8314
36.4127
19.234
18.6364
15.2469
47.6431
41.2812
23.2624
38.4566
39.9623
34.9271
27.2953
36.6836
9.358
10.9115
44.3707
26.0756
26.8584
26.8453
24.4322
30.3541
2.7292
7.3902
18.4378
42.3585
25.7108
6.3117
43.744
20.2719
37.3743
21.3278
11.6401
21.6613
50.1603
43.4244
24.6423
28.1229
23.9654
13.3756
30.1179
8.2944
30.2496
19.5819
28.5734
7.2785
4.5646
3.0313
29.5221
36.1184
18.138
37.1874
25.2394
15.8742
36.6965
22.9252
12.9188
7.0686
30.0741
31.2616
38.7585
26.8057
49.3241
39.5659
13.3405
22.7101
49.0403
40.1898
6.3039
34.9933
1.391
4.0193
19.7724
35.4248
24.9832
5.3277
14.2604
34.767
36.0936
8.4997
17.8644
48.3319
22.0448
31.6965
39.4382
2.7226
36.5491
37.3488
29.1558
5.5437
24.7073
4.4897
35.3819
33.9021
1.0211
13.3784
45.1037
26.8575
27.2659
18.6212
16.3148
41.6486
18.3685
3.0546
14.7031
3.486
43.5451
41.0396
3.757
43.9874
36.8815
6.4991
6.9877
33.9281
36.2698
38.0363
13.3565
21.8857
32.1679
20.7854
32.2009
41.5798
28.0081
12.2725
21.9724
47.2414
42.2548
27.5043
17.9263
28.1891
18.098
6.7538
17.5496
40.9536
50.5688
18.0778
48.9656
29.7545
42.4726
45.4766
46.8227
33.9254
9.9605
32.7962
42.2544
3.9704
25.7983
42.9754
38.3905
16.3513
13.4345
2.0554
40.604
40.8191
37.8394
27.4945
41.1975
23.1402
29.7518
40.7716
21.5587
50.4128
28.4637
35.014
30.964
15.826
34.5672
9.4488
30.157
44.686
28.2023
43.854
49.6017
33.8172
30.2658
17.8767
6.8873
42.0398
13.7792
32.0848
5.1555
50.3369
10.163
9.9355
44.6253
36.5408
50.523
2.4698
22.3091
30.9053
35.2324
30.4826
20.8429
35.7744
36.0761
32.1669
45.9953
4.7152
4.0245
37.8006
13.8787
33.9562
32.3148
16.9154
13.1479
21.7533
8.9415
37.5805
24.5573
49.4011
34.8944
41.9352
20.1361
31.0183
34.5315
26.9177
36.948
17.9526
42.3339
24.2647
25.9196
27.687
15.9667
49.2981
14.5506
46.4739
49.0531
33.763
43.4631
29.5805
38.369
24.0495
40.6994
43.0024
49.2781
12.5051
34.4505
5.7822
20.148
26.2357
24.4715
2.6686
1.2276
24.7942
34.8367
42.758
36.0139
5.4698
5.8919
40.9813
13.4943
32.5197
1.2764
45.8325
47.8316
44.6227
6.7213
28.5814
28.0364
3.0862
30.969
36.3699
23.9781
21.9046
35.6178
44.0638
36.6924
19.6406
19.9593
17.5133
40.368
2.2943
18.9607
23.9721
30.6336
25.8234
37.4317
43.8339
18.8113
46.7946
41.1256
1.5642
44.6682
49.772
6.038
42.7397
20.8675
40.4891
40.4994
38.4531
20.8111
14.6005
40.7978
47.9981
27.8598
2.8775
20.0258
15.7231
28.0336
5.0844
11.6103
18.2212
50.2137
6.4661
43.5679
13.6232
37.6073
22.7761
6.916
25.6675
21.7841
42.0901
1.8797
21.4394
15.9549
24.2778
38.5491
13.2104
47.3348
31.9431
44.473
31.6474
9.4244
49.8975
40.3174
29.8257
33.8344
3.7922
36.171
34.9472
7.8982
12.4166
25.3507
17.4485
48.7329
2.3542
9.6356
45.2812
36.653
28.1942
29.7555
34.5528
10.8832
26.309
47.6598
46.4378
38.3836
35.3342
32.6159
14.3042
32.2706
41.9285
41.5114
14.341
19.8049
6.1436
4.879
17.6373
41.2163
36.7952
34.12
31.6282
49.7466
23.6073
2.1645
4.1098
30.2161
39.5891
19.3941
23.619
8.1536
4.1055
29.0372
5.8846
34.0816
44.4185
31.459
7.2734
47.9074
11.1018
14.7818
2.6914
6.5453
40.6715
20.1026
7.2445
43.882
17.0275
3.2182
8.1199
25.9953
11.8644
21.2208
5.6248
16.148
33.0882
21.5982
40.095
23.5027
29.4639
43.5492
4.4892
26.7394
39.221
6.1201
10.887
38.8065
30.1601
5.4713
42.8343
11.8974
8.9271
24.1023
34.5074
22.4192
27.5658
18.1921
22.0189
24.2046
36.207
45.3547
11.8419
14.5187
21.8197
24.0664
6.3028
21.5241
34.3257
27.7856
16.373
43.7882
33.069
11.37
27.59
2.1578
38.6324
44.7848
15.8422
1.8705
47.3093
39.3039
35.9744
48.1369
8.1642
44.421
27.7054
11.5994
25.5571
19.5198
50.1914
1.0604
33.2568
42.9931
18.7312
19.6726
39.8324
12.9568
24.5764
7.3933
18.8925
17.9736
21.5948
6.9303
11.9268
13.277
11.6316
32.6418
26.0091
27.8848
3.8184
21.9036
43.4356
50.6907
37.4098
6.3156
15.4975
49.1445
36.9103
45.2516
38.0282
12.4588
14.5714
22.0951
34.9952
32.423
26.0538
39.5634
29.4349
22.571
47.4491
30.115
38.0404
43.5475
23.1975
6.2558
41.1264
15.93
12.0018
34.8707
8.2953
16.4962
8.8989
24.2843
16.162
48.7048
48.4792
12.0234
32.7642
38.0634
40.7721
19.779
18.1833
4.7406
11.3524
14.4316
32.0319
9.9196
28.8923
9.9078
17.0308
32.888
25.0549
7.0051
11.1334
23.5562
11.0077
1.8672
38.1323
34.9587
40.932
1.8835
2.9079
17.0266
41.5684
28.572
41.9248
39.4714
50.4972
28.3877
37.2757
9.4009
41.8197
46.9352
8.3619
40.3528
45.599
19.2892
41.0151
5.7316
23.1247
21.6748
26.9042
18.2324
50.1991
49.7221
40.4137
20.738
3.3446
39.4687
35.0504
49.3361
50.1636
34.8592
27.433
8.0744
4.6519
28.4379
17.2336
50.6609
34.4825
49.3541
24.6408
37.5414
31.1618
17.3242
47.2799
29.7585
2.0206
17.0915
21.7783
14.0442
20.9025
19.346
28.7299
34.6551
50.3996
48.228
3.6871
7.6326
15.6241
29.5762
10.9999
5.3957
29.7463
5.5748
1.8237
11.6614
1.6221
5.1529
12.4307
30.8016
27.4808
32.6067
45.4686
22.3528
1.6014
18.2357
1.2013
35.7764
14.5301
47.1397
50.1883
26.7539
49.6074
37.5187
47.5828
25.437
42.4274
23.1049
22.2819
29.6716
41.4621
44.5171
16.6329
30.4899
47.5412
42.7302
13.0972
27.3399
34.2491
27.2404
37.9512
5.2928
27.7492
42.1361
16.2852
44.1887
8.468
27.7414
9.036
7.239
21.0882
9.6245
37.46
7.9945
37.44
18.1266
36.4481
48.8206
49.3482
38.71
6.9279
15.5813
44.5741
37.5439
50.0282
36.2928
13.436
5.7129
42.5321
3.4385
42.6185
30.0315
28.465
19.3174
28.0471
30.4469
1.2478
13.6672
45.9924
7.7734
1.3682
17.6976
28.6841
20.3522
7.3642
22.4748
26.1779
23.6124
11.2305
30.0887
30.0631
2.9435
3.931
22.5017
23.3973
29.7371
25.9909
22.8714
37.0693
28.0322
5.3654
43.383
11.1463
27.2072
7.2245
37.4551
1.4274
50.0529
3.2528
6.2004
21.3992
27.5758
17.1375
7.4504
18.5013
47.8103
34.201
4.6537
26.8746
19.6169
48.2645
5.796
6.5195
9.5975
24.4277
22.5192
14.9595
12.6577
29.8708
35.6419
18.3908
15.5586
38.3131
15.7713
13.0852
24.1738
43.6485
18.7926
49.5276
46.7511
1.9698
35.3767
2.262
27.1132
11.8977
37.1372
14.8336
13.9097
41.0317
7.3296
2.728
26.8909
30.6455
40.9631
42.4028
42.5473
45.5924
42.6618
31.5096
48.3301
27.5013
39.7647
21.7206
17.5227
37.6528
3.5863
21.3115
49.1976
15.758
6.7483
13.3605
30.0566
7.6386
49.1709
29.6121
6.9888
24.4536
50.3356
31.5013
20.5424
22.3389
11.2132
35.6628
44.2648
39.1313
38.4239
11.8761
15.4518
45.0747
50.3163
18.6213
12.1954
27.7714
16.2488
48.2462
2.3195
10.5223
39.6497
40.0396
14.0475
15.8478
11.8426
41.5624
3.2558
13.484
28.6118
16.2808
16.5882
11.4938
40.8745
32.0169
25.3236
50.7523
46.4537
43.8976
38.2768
50.3687
46.7166
27.4227
20.7717
7.3894
24.5345
39.9822
41.2716
30.0885
28.1122
33.5344
38.8903
7.0253
43.4108
12.4119
21.6043
36.3641
21.7322
1.3999
20.6211
32.5785
29.3621
10.764
26.9974
40.6012
33.3436
1.7516
47.5879
20.7328
32.8544
18.2474
36.2024
21.1864
45.0211
7.7361
32.4645
29.0249
28.2709
7.5063
25.2836
34.4326
33.4026
20.1282
50.0922
7.7688
12.4496
45.6438
29.0478
23.6638
38.1139
26.6288
21.2609
21.5437
42.0672
46.3206
15.7817
17.4132
18.7457
49.3506
23.5695
27.4723
12.407
29.2777
5.9623
30.2132
9.1731
47.0915
16.2782
30.0157
42.5515
10.1355
28.1049
41.952
40.5056
1.4975
28.5668
44.5118
44.538
5.8214
17.411
44.2748
16.4576
28.7173
23.1137
14.1831
16.5155
3.4768
25.3815
5.0057
37.4276
20.65
9.4099
37.8412
12.4436
3.1953
21.0593
14.066
32.0757
32.3867
43.7204
28.0146
3.3712
7.4437
27.0644
36.8677
17.6886
44.9482
15.1097
31.7252
7.8347
42.5169
46.0868
13.6557
23.1205
44.9212
29.4425
8.6417
31.4142
9.8796
45.9999
5.7782
20.5993
25.0921
15.7762
23.8354
17.987
27.7444
34.2596
2.3597
25.1881
22.6828
42.0577
24.8648
27.7184
35.7394
14.7531
13.3541
33.1888
24.2881
39.5396
35.4167
19.3268
48.0162
32.7601
37.4552
33.2793
29.1176
47.8284
10.2292
26.6645
2.6503
26.1924
5.839
36.6721
24.6415
4.9807
8.5238
32.1512
17.685
13.7747
15.2168
35.0831
41.2457
19.5596
5.6725
2.1009
26.67
13.3306
26.174
7.8007
14.9931
24.0673
25.3281
11.48
29.0479
45.8392
15.272
131.6839
15.0344
23.3312
37.559
14.7039
250.3681
23.042
21.0567
21.6667
28.9244
200.7559
5.7974
40.827
17.2917
15.9933
151.9936
43.3151
31.4967
13.2929
1.1856
243.165
14.3919
23.7347
32.3213
3.5535
280.7286
35.6695
31.5875
44.8827
12.4894
259.9552
50.697
4.0406
33.3998
14.2879
268.3656
18.9931
26.582
6.2751
18.7088
183.1681
5.1091
22.7641
11.953
35.5393
192.6957
17.691
5.7663
2.9826
1.1565
287.8438
48.5424
29.9579
50.0803
5.0901
165.5077
11.6863
42.4598
6.1918
16.5846
162.02
32.4286
34.7079
20.5552
11.1621
126.5884
36.4195
44.0149
2.7631
47.1846
148.7328
38.7169
5.1332
36.825
42.4165
255.723
32.8485
1.8173
45.2304
50.5873
316.0162
29.8743
18.3861
3.0107
37.954
148.6945
47.4491
41.2859
1.8019
9.8634
250.9022
48.8852
10.6522
13.9072
37.3148
259.2838
32.2145
21.8728
6.3593
33.5225
295.421
19.2515
27.15
4.9832
30.4784
251.2702
44.6554
37.0633
8.4584
5.5142
310.6006
44.9929
22.1316
2.3813
7.864
234.4309
47.8004
14.376
23.3284
35.227
294.4673
10.6466
8.882
22.9179
10.33
146.541
10.1952
15.3625
31.8728
7.4894
176.0453
31.2673
9.7196
24.0831
29.1743
165.3738
5.9036
35.6077
30.6686
32.5689
227.357
2.4273
5.9958
4.041
6.1345
296.7006
14.5065
4.7299
31.9668
46.1727
239.4226
50.2165
38.0955
1.6295
33.3873
168.2908
21.1027
36.3803
13.6922
9.4474
140.2606
31.2425
5.4364
46.3602
3.5491
265.9119
16.3084
28.2433
19.4433
8.979
9.0593
37.9049
18.6049
25.0017
29.2735
22.9646
43.5832
31.1034
16.295
31.8806
40.7874
1.1651
32.3176
40.105
47.5704
30.6386
1.9926
20.9899
3.8901
25.0354
10.5385
44.4305
9.8771
40.2194
27.3147
20.2785
1.2165
45.3968
40.5465
23.7369
41.5297
15.568
17.0608
45.8561
17.7107
5.9628
8.7522
10.3474
15.6263
23.9167
15.0508
38.2123
49.7326
43.7733
27.8964
24.1565
20.9884
7.7144
32.6499
13.4175
32.967
19.9185
14.9829
34.4772
6.2695
23.1399
30.085
2.1685
46.238
45.6764
26.5159
6.9004
38.5448
22.7592
32.7014
49.1397
21.5039
29.649
9.437
13.8781
12.904
14.1629
46.8062
7.6009
2.805
33.9841
38.6634
50.2412
12.0723
38.9185
2.2494
26.7632
9.4378
40.2677
24.6231
7.3635
27.5825
28.6743
11.3889
41.813
21.1306
38.1736
36.6873
22.1815
16.5205
7.7513
46.5896
39.0962
15.4908
12.4558
50.8981
29.7821
30.3694
24.0575
50.904
31.4119
50.5008
16.3694
42.8889
10.7688
14.9744
2.6625
9.0824
40.8785
47.3335
32.1073
9.3972
37.1171
43.1529
28.8666
18.563
49.3314
41.2618
31.3363
14.268
32.7304
3.9717
30.1014
12.5877
38.7148
30.9354
11.4207
17.3454
27.4068
35.2169
38.4976
50.0945
6.4264
18.7988
45.4183
7.1519
45.4286
48.0777
28.4554
49.5332
3.0789
47.9226
46.4348
20.7531
32.4846
5.5694
36.0547
6.2536
2.6366
3.0235
9.4226
46.7066
37.1363
28.7178
29.6391
45.6149
27.3887
5.9442
6.0105
19.4935
25.5399
17.0291
13.4119
26.464
12.7216
48.3688
20.4488
26.3308
20.6329
32.2682
8.3783
22.1314
9.1497
17.0455
27.2577
9.7634
19.4991
7.0697
21.7045
40.718
2.9715
28.339
42.7356
30.6794
17.9432
42.9176
5.3647
28.1715
39.9481
43.8375
21.3372
50.4811
41.0921
19.0053
22.6282
46.2812
33.0198
2.7718
19.3771
1.7651
39.1994
17.8861
144.5212
12.1309
44.4573
3.4204
210.9142
16.6143
36.7144
27.3821
297.9461
15.539
35.0772
6.1875
210.8953
20.1549
13.1092
14.9093
221.7466
41.811
47.1065
50.2189
325.0309
10.617
16.8174
40.6849
160.2081
35.1706
30.4331
1.6961
164.2749
13.8651
30.0949
43.0352
298.4038
31.946
46.188
6.1652
324.2745
1.6711
23.951
14.8433
166.0457
45.6864
41.7435
257.0052
5.153
42.5602
217.8471
1.7827
44.6082
20.198
36.0626
23.5789
20.718
23.2825
33.5626
13.5411
4.5781
19.8705
7.8145
34.8337
12.8745
23.5755
48.4004
5.7901
29.0557
24.1979
34.5005
25.0482
41.1075
34.151
3.6733
3.1415
15.6037
38.4365
46.3197
8.1253
34.7143
46.005
7.0286
43.4072
27.5862
17.3378
26.394
31.8631
40.062
40.4017
42.0952
31.539
7.064
44.7542
36.0551
4.772
20.1423
31.5176
15.3166
4.4109
18.6749
5.1908
47.9215
27.973
27.005
21.8332
41.5328
23.0465
11.4117
17.0311
1.8062
5.0291
40.2352
46.2483
39.5988
21.3917
47.7136
9.6612
10.994
15.0604
27.1368
43.3976
21.8292
3.2356
11.7842
39.2207
8.9262
46.9954
42.7881
5.1432
23.5591
41.3801
21.5494
50.2059
38.8337
5.3098
50.6318
17.7204
31.6086
45.6605
31.1716
2.6528
1.3561
10.1041
6.7653
20.5141
32.9409
28.918
23.5314
47.1253
37.6861
26.8719
13.5935
20.9406
17.3032
12.5269
4.5927
42.2359
38.2786
23.81
11.0096
16.4139
30.1392
25.5758
24.0653
21.9253
29.6641
17.0229
35.7672
36.8709
34.5619
14.3071
9.2777
32.2281
4.4034
26.4715
42.2081
33.8326
3.6764
40.9142
11.6756
19.7492
21.7256
28.0195
40.0101
4.479
27.0419
13.2994
27.8597
16.58
18.886
49.4279
17.1174
1.7127
27.5604
49.8925
19.576
28.8796
35.7839
20.6489
28.5203
43.6884
47.5836
46.1336
19.5741
48.8467
17.8798
1.2725
44.0453
48.7856
25.5253
21.7204
22.7469
22.3114
24.9502
20.4744
10.8224
34.4995
46.7682
40.2214
24.465
16.6704
35.7199
27.3204
48.5912
31.2283
15.156
5.1573
30.5215
46.3946
50.9097
11.7757
8.5119
24.432
3.8575
49.1522
25.5998
25.8338
9.7404
19.2722
38.6438
1.1403
6.894
45.2549
49.6792
31.5472
47.43
44.1855
11.7565
39.2862
25.1171
32.034
44.2922
18.8833
33.7249
50.0723
33.6367
40.8406
32.9275
6.5462
43.0473
50.0391
45.003
27.0205
12.556
22.2259
34.5225
1.7805
43.332
3.3225
34.9887
8.9631
33.0621
37.985
30.9632
27.68
8.6096
45.8457
31.6183
36.3081
39.7596
26.1808
31.8477
17.3421
13.2234
14.3764
50.0947
11.7346
49.242
26.5046
7.882
32.4996
4.1238
11.5721
24.6711
9.5087
20.8413
34.5693
43.1363
44.8833
16.4308
37.3256
24.202
11.1685
29.3573
18.3633
8.2761
22.5683
42.2465
37.4474
29.0015
2.9324
45.4324
35.3423
38.5565
12.9052
14.6326
14.411
9.0469
32.6787
41.7346
1.1362
12.8703
26.1386
31.1653
7.3897
6.0675
36.8522
5.613
23.346
42.6376
36.3129
3.9829
11.3085
34.5572
10.146
1.3912
26.4088
41.8256
28.5685
35.7397
17.141
29.2502
3.3116
37.9602
6.0067
11.8903
34.4288
33.3804
18.1745
29.0987
46.9492
9.8375
13.9959
37.9251
9.1811
34.1491
39.4727
50.2921
11.6281
42.3545
37.3341
4.8093
17.9507
30.7462
10.261
13.3556
27.1909
34.1374
46.9806
4.6432
9.5716
45.0489
11.4611
1.8687
46.5913
2.5446
5.2468
19.259
19.8553
12.308
43.1021
42.8421
2.1182
50.2264
32.5743
24.0981
8.3577
50.2347
18.8337
11.2917
14.3571
33.4689
47.2161
22.2417
45.2475
49.8935
7.2696
24.0487
26.74
25.4878
3.797
29.8859
27.3767
37.8133
2.3853
50.3463
1.0369
30.3356
19.232
47.0487
15.1546
21.231
17.6998
29.2195
21.6382
15.5861
11.1528
4.6246
43.0583
34.2323
35.2149
48.1355
48.7984
45.7004
6.129
42.3132
24.0867
25.1972
18.2572
8.3782
37.7704
3.0102
3.2907
31.7707
33.1201
28.5379
4.8769
27.0602
12.709
4.8283
42.5031
10.8626
50.0517
18.6247
39.6379
7.7654
2.9992
40.9197
41.1313
14.2599
3.8928
23.017
44.8718
45.6825
1.4753
13.1007
22.7019
41.1628
29.56
18.3131
5.5908
1.5797
27.458
37.3391
8.0654
35.5259
37.1624
38.4999
16.8992
38.2793
2.2916
8.3532
19.0582
28.7827
43.7887
45.8023
43.9058
19.6319
37.3809
26.7119
44.6647
45.0701
17.7942
14.0329
44.1363
21.9917
34.7285
38.4341
19.6793
18.9528
35.588
24.4418
2.4446
8.1905
49.9718
37.0882
15.8689
25.6486
50.9201
24.0659
28.4258
14.0127
17.9202
28.3919
45.6346
23.7521
26.6685
46.5785
16.3276
47.1698
40.592
7.312
28.174
10.4602
29.1263
45.6394
17.4628
48.7749
37.7519
47.6633
18.143
39.296
34.7887
40.7439
25.1214
17.3173
9.9476
4.2091
46.8187
50.3337
49.6405
25.5727
21.9827
45.1374
14.0475
27.26
25.7604
12.9234
40.9427
38.8415
40.027
17.4011
1.2772
39.7742
12.9728
30.9153
31.5199
47.6508
32.9484
23.5741
17.7569
26.9566
41.5673
10.3847
6.5475
43.3349
11.0664
31.3972
17.5389
38.3587
10.9244
39.8563
32.8384
49.8121
38.7381
23.3604
38.1438
2.4781
40.3561
33.029
40.6306
44.4344
44.2706
45.6776
38.5984
3.858
35.2674
34.0005
17.874
41.3363
42.3327
19.7614
49.9727
22.687
15.8189
34.9917
17.0175
37.2853
18.8672
16.1973
38.4164
36.8989
8.0887
6.5717
24.2964
20.0311
28.5031
41.2187
30.6968
36.7717
47.7347
40.3819
41.5192
39.1552
4.4675
35.6816
2.2356
2.0276
46.1564
4.3611
30.3547
39.4205
30.9979
36.5388
27.6457
41.4328
19.1573
10.4698
24.4512
29.9853
8.5259
32.0373
22.8963
196.0985
259.7727
250.4185
254.7048
239.7381
328.8689
200.8115
231.7181
153.5292
284.9632
317.0894
136.1766
280.6192
168.0503
137.2489
184.7339
294.0494
130.769
270.9101
314.0872
184.6496
241.0546
263.2168
225.5532
134.195
152.1779
327.5333
313.4457
278.6565
137.7927
256.8022
248.1725
144.1154
253.396
178.9848
203.2148
264.6212
123.0
148.0
124.0
188.0
130.0
145.0
153.0
202.0
134.0
194.0
205.0
166.0
184.0
130.0
154.0
191.0
173.0
206.0
183.0
199.0
185.0
188.0
123.0
178.0
131.0
158.0
178.0
195.0
197.0
149.0
189.0
129.0
173.0
161.0
128.0
142.0
186.0
156.0
126.0
197.0
156.0
157.0
173.0
186.0
180.0
200.0
156.0
162.0
126.0
150.0
171.0
182.0
132.0
132.0
183.0
158.0
161.0
143.0
200.0
130.0
197.0
185.0
165.0
188.0
153.0
179.0
150.0
191.0
189.0
146.0
175.0
148.0
159.0
143.0
161.0
158.0
163.0
196.0
200.0
137.0
204.0
157.0
146.0
161.0
181.0
182.0
130.0
170.0
164.0
195.0
191.0
142.0
191.0
183.0
199.0
194.0
127.0
175.0
135.0
141.0
190.0
168.0
167.0
140.0
130.0
184.0
140.0
198.0
192.0
166.0
173.0
142.0
155.0
171.0
179.0
125.0
195.0
160.0
149.0
147.0
164.0
135.0
176.0
132.0
155.0
177.0
182.0
139.0
162.0
162.0
201.0
165.0
165.0
148.0
134.0
128.0
185.0
200.0
134.0
191.0
125.0
142.0
128.0
129.0
177.0
160.0
160.0
144.0
132.0
138.0
191.0
141.0
168.0
203.0
201.0
135.0
192.0
174.0
133.0
175.0
154.0
142.0
196.0
130.0
183.0
145.0
199.0
149.0
134.0
142.0
132.0
197.0
190.0
146.0
137.0
131.0
172.0
124.0
196.0
133.0
189.0
126.0
185.0
178.0
198.0
138.0
206.0
174.0
172.0
192.0
191.0
200.0
175.0
172.0
202.0
125.0
194.0
169.0
140.0
127.0
143.0
131.0
152.0
202.0
152.0
169.0
169.0
128.0
169.0
195.0
170.0
198.0
129.0
159.0
157.0
177.0
198.0
128.0
191.0
143.0
177.0
153.0
155.0
152.0
165.0
156.0
173.0
156.0
132.0
153.0
194.0
126.0
164.0
198.0
136.0
124.0
145.0
161.0
150.0
123.0
194.0
205.0
176.0
158.0
140.0
133.0
127.0
189.0
154.0
141.0
153.0
128.0
124.0
141.0
189.0
124.0
171.0
180.0
147.0
178.0
185.0
137.0
126.0
205.0
204.0
184.0
196.0
189.0
171.0
205.0
180.0
169.0
182.0
164.0
204.0
170.0
169.0
160.0
125.0
144.0
163.0
165.0
123.0
158.0
150.0
175.0
158.0
177.0
161.0
194.0
202.0
201.0
160.0
176.0
156.0
173.0
200.0
128.0
142.0
139.0
157.0
190.0
155.0
176.0
147.0
152.0
152.0
151.0
180.0
142.0
200.0
131.0
188.0
189.0
187.0
167.0
131.0
154.0
138.0
174.0
202.0
173.0
166.0
181.0
190.0
169.0
160.0
146.0
197.0
184.0
196.0
150.0
195.0
172.0
148.0
152.0
175.0
206.0
158.0
167.0
168.0
171.0
132.0
198.0
123.0
198.0
168.0
123.0
168.0
147.0
160.0
138.0
168.0
195.0
189.0
137.0
170.0
180.0
124.0
168.0
123.0
129.0
172.0
183.0
202.0
167.0
162.0
197.0
161.0
138.0
167.0
154.0
159.0
156.0
175.0
203.0
151.0
146.0
177.0
172.0
161.0
165.0
161.0
140.0
184.0
161.0
186.0
180.0
183.0
141.0
129.0
146.0
150.0
153.0
191.0
48.0
18.0
25.0
6.0
26.0
21.0
10.0
48.0
25.0
7.0
3.0
47.0
49.0
37.0
8.0
29.0
16.0
25.0
3.0
25.0
12.0
35.0
11.0
31.0
41.0
46.0
21.0
2.0
33.0
3.0
30.0
24.0
46.0
36.0
21.0
7.0
34.0
11.0
31.0
32.0
10.0
47.0
3.0
2.0
14.0
40.0
9.0
2.0
48.0
42.0
19.0
34.0
19.0
16.0
12.0
37.0
8.0
36.0
27.0
22.0
27.0
49.0
41.0
48.0
41.0
6.0
2.0
37.0
30.0
2.0
45.0
18.0
3.0
19.0
47.0
15.0
40.0
43.0
5.0
28.0
46.0
38.0
34.0
35.0
46.0
45.0
43.0
41.0
29.0
23.0
12.0
39.0
28.0
51.0
45.0
17.0
46.0
48.0
43.0
9.0
31.0
49.0
31.0
9.0
20.0
1.0
32.0
29.0
39.0
44.0
11.0
16.0
18.0
6.0
50.0
20.0
2.0
10.0
51.0
2.0
14.0
40.0
1.0
29.0
19.0
43.0
30.0
20.0
16.0
2.0
19.0
13.0
47.0
26.0
19.0
14.0
25.0
14.0
41.0
44.0
22.0
51.0
36.0
17.0
35.0
48.0
46.0
19.0
24.0
4.0
36.0
7.0
35.0
25.0
24.0
27.0
28.0
3.0
21.0
20.0
22.0
10.0
42.0
22.0
11.0
2.0
50.0
31.0
29.0
46.0
41.0
45.0
49.0
31.0
14.0
2.0
21.0
4.0
15.0
44.0
5.0
28.0
28.0
19.0
41.0
8.0
44.0
2.0
46.0
34.0
4.0
7.0
13.0
34.0
42.0
35.0
35.0
14.0
8.0
30.0
33.0
29.0
27.0
6.0
39.0
9.0
12.0
20.0
39.0
48.0
13.0
29.0
31.0
32.0
30.0
32.0
7.0
16.0
15.0
45.0
13.0
33.0
28.0
16.0
4.0
43.0
3.0
19.0
29.0
4.0
15.0
17.0
20.0
8.0
10.0
2.0
26.0
14.0
5.0
5.0
3.0
1.0
40.0
36.0
9.0
45.0
50.0
9.0
50.0
13.0
9.0
20.0
48.0
37.0
1.0
35.0
30.0
8.0
12.0
47.0
14.0
43.0
43.0
15.0
39.0
28.0
43.0
33.0
37.0
1.0
25.0
46.0
21.0
20.0
38.0
14.0
10.0
38.0
18.0
49.0
33.0
6.0
17.0
5.0
5.0
23.0
28.0
2.0
31.0
29.0
44.0
37.0
28.0
37.0
51.0
29.0
47.0
11.0
28.0
44.0
10.0
19.0
48.0
42.0
15.0
44.0
17.0
44.0
38.0
48.0
44.0
11.0
1.0
32.0
14.0
41.0
45.0
36.0
27.0
25.0
39.0
31.0
9.0
43.0
51.0
48.0
45.0
5.0
27.0
26.0
19.0
6.0
11.0
6.0
16.0
3.0
37.0
1.0
14.0
43.0
21.0
36.0
28.0
29.0
25.0
30.0
17.0
24.0
38.0
12.0
35.0
5.0
13.0
12.0
3.0
1.0
36.0
31.0
27.0
35.0
10.0
42.0
45.0
43.0
30.0
5.0
13.0
45.0
30.0
36.0
37.0
4.0
26.0
16.0
44.0
22.0
36.0
6.0
28.0
9.0
27.0
42.0
4.0
12.0
32.0
21.0
34.0
36.0
16.0
31.0
1.0
11.0
50.0
36.0
37.0
29.0
40.0
23.0
25.0
3.0
36.0
3.0
4.0
35.0
48.0
25.0
9.0
15.0
50.0
9.0
34.0
18.0
1.0
34.0
32.0
23.0
21.0
26.0
48.0
46.0
41.0
26.0
38.0
5.0
29.0
35.0
5.0
31.0
14.0
1.0
18.0
12.0
35.0
51.0
26.0
42.0
6.0
21.0
50.0
29.0
41.0
50.0
27.0
49.0
4.0
50.0
43.0
41.0
3.0
20.0
26.0
24.0
5.0
30.0
21.0
11.0
13.0
40.0
37.0
14.0
15.0
33.0
17.0
37.0
48.0
25.0
29.0
26.0
3.0
40.0
1.0
36.0
38.0
15.0
9.0
16.0
38.0
24.0
13.0
29.0
48.0
43.0
23.0
40.0
19.0
35.0
6.0
5.0
34.0
51.0
47.0
48.0
17.0
51.0
7.0
2.0
38.0
6.0
1.0
45.0
47.0
19.0
47.0
40.0
47.0
16.0
27.0
49.0
3.0
51.0
12.0
22.0
14.0
26.0
33.0
8.0
32.0
49.0
24.0
9.0
2.0
47.0
35.0
18.0
36.0
49.0
48.0
22.0
18.0
12.0
19.0
10.0
5.0
23.0
6.0
21.0
11.0
9.0
37.0
1.0
47.0
11.0
43.0
22.0
17.0
43.0
10.0
29.0
8.0
25.0
44.0
16.0
17.0
2.0
24.0
50.0
19.0
12.0
11.0
7.0
51.0
44.0
46.0
19.0
22.0
39.0
35.0
7.0
6.0
44.0
35.0
34.0
46.0
46.0
27.0
45.0
42.0
25.0
44.0
31.0
36.0
5.0
36.0
33.0
30.0
12.0
8.0
8.0
13.0
36.0
22.0
30.0
8.0
14.0
45.0
24.0
47.0
24.0
28.0
8.0
18.0
26.0
50.0
24.0
20.0
20.0
41.0
18.0
38.0
8.0
39.0
27.0
45.0
43.0
26.0
24.0
4.0
44.0
35.0
23.0
48.0
35.0
19.0
21.0
49.0
26.0
45.0
32.0
43.0
16.0
49.0
32.0
44.0
15.0
1.0
12.0
47.0
35.0
5.0
4.0
23.0
9.0
45.0
35.0
46.0
40.0
25.0
10.0
17.0
28.0
26.0
14.0
44.0
21.0
46.0
47.0
21.0
22.0
4.0
27.0
24.0
2.0
28.0
35.0
36.0
51.0
23.0
9.0
19.0
19.0
10.0
20.0
20.0
23.0
9.0
25.0
50.0
45.0
35.0
33.0
12.0
5.0
38.0
32.0
34.0
31.0
25.0
28.0
25.0
24.0
39.0
35.0
39.0
47.0
14.0
15.0
20.0
8.0
33.0
7.0
44.0
14.0
50.0
47.0
3.0
36.0
24.0
16.0
24.0
44.0
32.0
4.0
35.0
44.0
41.0
19.0
33.0
10.0
2.0
12.0
42.0
15.0
18.0
26.0
1.0
20.0
11.0
37.0
33.0
49.0
19.0
43.0
32.0
30.0
7.0
16.0
25.0
10.0
22.0
15.0
26.0
38.0
8.0
15.0
27.0
2.0
27.0
45.0
51.0
22.0
26.0
40.0
38.0
1.0
22.0
8.0
1.0
23.0
36.0
6.0
44.0
14.0
5.0
21.0
15.0
49.0
21.0
4.0
16.0
27.0
42.0
36.0
5.0
35.0
26.0
48.0
50.0
17.0
14.0
42.0
45.0
17.0
39.0
3.0
29.0
34.0
47.0
28.0
14.0
45.0
1.0
50.0
44.0
10.0
10.0
11.0
28.0
37.0
16.0
27.0
30.0
37.0
16.0
22.0
22.0
17.0
45.0
13.0
32.0
22.0
10.0
18.0
45.0
11.0
4.0
41.0
30.0
33.0
46.0
46.0
28.0
17.0
16.0
3.0
13.0
3.0
14.0
16.0
50.0
1.0
1.0
29.0
25.0
46.0
45.0
9.0
48.0
35.0
2.0
43.0
29.0
3.0
23.0
13.0
31.0
49.0
24.0
26.0
9.0
25.0
37.0
30.0
25.0
15.0
26.0
48.0
41.0
49.0
22.0
32.0
44.0
2.0
30.0
15.0
18.0
7.0
21.0
4.0
38.0
8.0
12.0
15.0
46.0
45.0
20.0
26.0
36.0
29.0
13.0
8.0
25.0
14.0
34.0
32.0
45.0
4.0
15.0
1.0
42.0
37.0
6.0
29.0
37.0
51.0
7.0
25.0
25.0
47.0
34.0
40.0
35.0
9.0
32.0
34.0
45.0
41.0
46.0
47.0
30.0
50.0
11.0
43.0
46.0
2.0
32.0
45.0
7.0
13.0
46.0
23.0
29.0
5.0
49.0
15.0
40.0
32.0
49.0
24.0
17.0
49.0
2.0
25.0
2.0
38.0
9.0
36.0
9.0
35.0
7.0
9.0
33.0
50.0
21.0
16.0
27.0
46.0
2.0
15.0
22.0
32.0
27.0
6.0
27.0
29.0
6.0
34.0
3.0
24.0
50.0
35.0
11.0
17.0
25.0
46.0
8.0
7.0
17.0
18.0
46.0
48.0
38.0
49.0
14.0
22.0
27.0
32.0
35.0
33.0
36.0
34.0
29.0
46.0
50.0
34.0
44.0
36.0
26.0
36.0
13.0
38.0
17.0
45.0
8.0
49.0
27.0
5.0
13.0
22.0
25.0
12.0
23.0
12.0
37.0
36.0
40.0
17.0
48.0
44.0
13.0
29.0
36.0
45.0
19.0
15.0
47.0
32.0
18.0
51.0
21.0
17.0
26.0
31.0
44.0
7.0
4.0
32.0
24.0
13.0
11.0
17.0
16.0
16.0
36.0
16.0
6.0
38.0
9.0
45.0
2.0
13.0
43.0
15.0
9.0
5.0
6.0
27.0
17.0
8.0
6.0
20.0
42.0
25.0
29.0
9.0
37.0
50.0
6.0
38.0
11.0
39.0
14.0
19.0
26.0
3.0
48.0
10.0
16.0
51.0
23.0
33.0
21.0
43.0
2.0
14.0
47.0
34.0
38.0
44.0
35.0
28.0
3.0
23.0
29.0
3.0
24.0
16.0
27.0
43.0
50.0
32.0
46.0
47.0
4.0
14.0
3.0
1.0
9.0
46.0
7.0
42.0
29.0
19.0
32.0
36.0
13.0
28.0
39.0
5.0
11.0
34.0
18.0
36.0
20.0
156.0
203.0
166.0
140.0
186.0
136.0
168.0
127.0
199.0
182.0
202.0
205.0
169.0
146.0
166.0
138.0
172.0
174.0
28.0
23.0
20.0
26.0
7.0
5.0
7.0
14.0
34.0
171.0
157.0
152.0
165.0
139.0
183.0
192.0
205.0
183.0
158.0
203.0
143.0
137.0
160.0
159.0
127.0
142.0
201.0
205.0
202.0
192.0
197.0
147.0
150.0
169.0
126.0
200.0
143.0
195.0
130.0
130.0
