212.4744
231.2983
220.5589
162.2852
393.2403
517.5316
531.2096
440.5138
540.5118
587.358
266.7492
431.4178
287.7994
251.9593
332.0742
547.7557
440.3878
102.9516
54.6634
89.0203
53.4117
47.6855
80.0596
46.9121
102.576
93.9164
74.0175
72.7699
585.042
474.171
462.5754
521.1587
170.3887
104.0497
216.8691
14.0747
13.8586
13.8091
5.3093
16.0678
7.3589
18.9592
19.654
11.2058
10.5717
531.225
242.0336
342.7755
420.8195
256.6206
347.3288
397.2994
587.2435
95.5831
61.5948
71.0944
62.1411
72.2494
76.2452
82.9521
55.7579
49.657
67.223
57.0745
104.4925
198.0518
130.0271
157.5951
162.7296
104.7454
126.7387
111.3739
96.381
103.8466
154.8486
200.1145
246.856
157.9226
207.648
136.7485
224.0443
307.1733
160.8304
151.7521
259.6839
285.6967
289.5042
363.834
238.7293
259.6484
334.4465
396.9407
275.3523
290.5166
421.5598
443.1296
565.6886
285.0242
368.7786
425.7698
359.0353
324.0569
238.0865
291.3686
264.6871
270.7429
189.8729
285.3689
328.2087
83.4044
98.0491
60.7144
171.3666
138.4453
233.0729
139.0188
186.9156
177.1245
151.183
105.1355
124.2808
217.448
132.3028
166.8622
151.9407
115.3587
226.8327
201.6004
230.4748
354.0411
263.7921
303.5064
156.8464
178.8036
213.6358
228.5493
102.1043
171.613
112.056
161.9025
237.1335
124.7287
97.2685
237.2835
106.8574
150.7713
191.9077
201.2795
159.4563
231.5144
119.7828
225.0773
236.4661
195.6618
130.8441
163.3809
578.7013
595.4654
569.0984
609.8421
377.3383
500.4523
467.0747
435.7585
518.5607
97.1986
75.5725
70.7846
88.7505
61.1203
89.666
104.633
57.3516
246.7865
308.6552
592.5896
322.5105
234.9457
214.4901
200.8416
119.6153
384.2246
273.8411
231.8487
100.1527
58.5939
79.0738
43.2282
52.5343
54.1959
45.3689
65.6443
53.8149
75.2355
99.0809
174.563
130.8912
164.8441
161.4445
120.9182
107.6285
238.1967
212.4748
172.5176
102.2147
192.5347
169.6553
236.9627
185.9602
181.7219
99.6194
409.568
151.0033
179.5862
269.9288
361.5535
539.5447
327.6927
602.9179
412.7925
326.1564
481.7323
342.5059
518.6841
93.0588
58.1445
83.1674
104.1907
60.6858
82.993
54.7579
82.6484
56.6945
85.3467
66.7598
71.8843
101.1481
60.7444
42.7734
76.2064
44.9471
46.8935
67.7693
99.1828
66.8038
104.6001
65.8514
77.5271
84.4152
71.9711
127.5189
62.1904
275.9343
91.4544
154.504
95.1298
247.219
61.5466
253.6002
49.2791
306.6717
99.6076
319.8208
87.158
286.5068
77.1724
173.7834
82.3032
184.662
54.4462
257.7323
94.2951
309.776
65.3105
200.8122
58.5951
254.8965
103.1483
140.6913
51.6855
214.3226
70.1261
166.1649
94.1274
145.1067
44.2401
183.5837
98.1234
207.5547
87.4493
158.8578
77.9797
133.559
59.5756
170.3778
74.5193
181.7838
51.3548
202.4754
53.9379
58.2473
250.7522
56.4005
92.6891
125.9445
91.7233
84.8269
159.9517
42.5258
60.7267
315.4631
45.5269
102.0629
227.2027
80.5991
70.575
179.2042
57.8676
52.5318
180.0402
71.3108
67.0062
146.1649
92.5444
52.4829
178.5896
45.0853
66.5823
182.6971
68.5669
71.5036
172.9693
78.0295
97.4681
260.2666
73.8475
74.3874
241.7279
94.6617
78.416
314.6821
84.3233
91.7717
275.6609
89.5588
74.3594
151.812
80.4667
42.5174
167.0297
83.9247
71.6632
216.9014
90.3338
44.3647
256.209
96.3564
104.3383
300.0037
95.4056
81.115
296.0967
84.7624
59.4546
136.7599
85.4778
48.4658
211.245
98.4732
95.559
203.7862
85.7743
68.6527
149.6041
65.0746
77.1408
311.2744
89.2732
74.2428
320.0222
64.3922
93.0771
128.0618
68.9638
100.7618
312.2027
68.3594
64.5333
172.3952
51.3833
54.3415
217.6931
69.2107
93.0013
132.8928
45.3186
77.2252
168.6671
97.5593
62.0108
240.8005
68.0067
66.7816
249.7582
75.4377
64.5676
308.5398
83.5136
59.6478
165.014
56.3139
71.5426
150.7672
65.2312
101.7415
123.1624
95.4242
43.0614
216.6884
104.5939
101.1668
221.8198
53.5112
83.4289
308.2167
78.1855
74.4727
203.0144
104.1976
46.2634
327.7162
60.3836
92.316
192.4624
69.7841
92.3086
315.5402
65.5692
69.3303
249.4072
95.2179
86.8459
261.3511
83.7198
56.9072
276.514
79.3445
67.7371
326.3033
104.8936
59.6581
328.3159
57.3276
64.8931
225.5722
77.7209
87.5415
174.0123
98.3025
49.3824
214.4313
65.5157
65.0172
236.0482
44.9116
96.4744
152.1061
54.0444
71.1148
143.8355
87.3615
48.6423
145.9788
77.297
84.9965
214.226
88.0404
85.9428
142.3687
88.842
63.4298
176.9086
93.5372
84.2325
219.0823
104.4692
46.5922
221.7726
83.113
74.3876
327.2051
103.8691
45.7781
138.4673
86.2931
65.0466
185.1997
100.039
80.8958
231.8848
72.2704
77.415
149.2787
73.9556
80.1059
283.1052
93.2368
68.3389
316.2372
89.8142
74.5784
159.4629
75.5995
94.1828
218.4609
80.7944
68.1265
155.8327
59.2734
65.0305
207.6649
54.8822
103.4094
135.9787
104.8962
103.3659
260.074
89.7561
99.4925
123.8722
65.8584
49.6899
187.2238
64.1239
94.7983
252.2558
58.5075
66.477
323.3368
98.1858
58.8915
153.4177
50.7465
99.4885
162.3246
53.0955
43.0976
177.139
94.5226
100.7194
314.867
59.3886
75.6784
179.084
74.3796
91.1815
266.7402
47.3577
101.1552
141.5311
79.3314
54.2971
183.59
73.2626
76.4073
285.2735
52.8084
80.9165
302.6942
69.0882
76.3542
296.7704
63.3211
63.8582
250.9066
90.2844
55.3767
206.1858
97.7941
99.4183
175.9458
52.5556
80.1293
245.8296
97.2301
98.4974
201.4706
92.306
48.0514
174.6979
100.4814
83.8524
276.9732
46.7898
63.6973
185.3088
49.428
101.493
245.429
91.3682
67.973
257.8406
45.7909
53.4175
194.8573
54.5288
83.4893
203.7015
100.1428
88.7049
186.4746
59.4895
94.5249
312.0976
103.4226
84.4679
175.9674
69.2756
68.5256
306.9097
84.4026
82.3085
215.5638
44.136
88.6626
271.2556
61.1168
97.7153
315.049
69.0458
82.7178
291.4837
92.2136
89.2914
297.6517
46.83
92.4732
325.0291
75.566
52.8138
139.8177
56.1389
74.8394
285.565
88.2426
97.887
220.2937
77.1044
43.1789
186.1888
70.1228
90.3749
271.6581
59.0151
77.6521
151.007
46.0237
80.8731
158.4682
53.7597
81.9454
197.4197
101.1981
51.2169
274.532
91.1091
69.4257
317.6509
91.4592
73.4089
219.4697
60.1307
74.6106
282.6342
61.994
86.3973
245.6946
77.1638
49.8403
286.2337
103.1334
93.8379
161.2243
89.8196
101.195
214.9685
68.9668
55.3296
157.3229
88.4155
79.0094
151.9042
59.7099
69.6314
322.8808
73.1039
95.8091
193.1877
57.163
87.0351
279.6557
46.7123
44.1113
251.8238
46.4315
72.3994
326.0258
44.9737
47.3191
151.7266
87.3246
96.3314
299.749
89.3982
67.8683
271.829
45.4908
47.6435
190.3782
79.5079
44.8857
195.0924
48.407
94.507
157.4454
93.5451
94.8603
228.6315
91.7945
67.6788
319.3109
72.0447
98.2384
272.8569
100.9046
62.7835
315.6623
86.8638
42.4134
233.5331
68.3865
72.8993
158.0544
96.3543
56.2989
146.9632
72.1286
62.6164
263.5979
75.3776
91.5489
321.1315
69.5534
98.314
322.9317
63.7703
146.9124
46.2387
132.6319
87.4278
290.2481
103.0846
241.6602
43.2453
311.352
95.8357
158.4563
65.5875
232.8556
67.1418
267.073
69.1127
221.6193
68.6192
220.2689
50.8
207.6824
58.8134
320.8385
97.0904
197.7464
93.7697
150.9409
79.7026
210.9729
46.3487
310.458
62.501
232.3058
47.5356
294.7801
60.9045
258.446
103.8144
232.3099
78.956
216.3932
47.339
269.5457
81.305
229.9304
99.3923
126.2329
99.4579
270.3699
74.5786
63.3832
59.1972
70.7495
46.2827
64.6313
62.4754
60.309
81.7885
49.9036
106.8387
71.3532
181.6044
74.4386
197.0561
81.1981
207.9281
61.8312
80.3736
101.9009
45.0827
59.9599
70.4483
65.2518
44.1056
73.7651
83.3154
52.1854
84.7187
217.0815
397.7759
352.1791
319.8198
471.9259
363.0368
286.9308
583.5193
489.3863
263.0023
281.1517
538.3976
486.4039
514.2242
258.6363
550.5154
236.5459
405.74
270.1923
352.1351
544.7678
607.5953
237.8052
583.1507
335.6594
480.2453
258.9167
447.3413
462.3269
612.0778
253.0512
480.7328
454.1389
281.4224
507.1644
423.3542
492.8702
184.3356
520.307
204.2036
407.6749
182.6177
463.5184
398.4124
456.8108
352.0473
364.2803
516.4337
349.1221
316.2666
500.3629
471.8349
501.9663
393.0347
273.5005
273.7699
379.5438
349.4823
371.025
479.6449
440.4548
378.7278
609.3764
523.7079
402.7678
93.6008
596.2892
278.5257
445.9379
484.3777
543.43
361.5914
374.5611
322.1294
444.3313
505.7447
246.1907
463.2386
509.6279
327.3665
427.278
299.2136
434.8626
411.4325
552.729
508.1627
447.4741
256.48
446.5872
282.525
542.0278
562.3528
606.9755
379.8051
378.2865
384.2433
304.6331
549.6643
402.5719
311.052
159.1242
315.7662
282.7182
241.4254
250.5403
595.163
264.2385
319.0223
393.2842
436.7435
163.1521
315.5846
336.6179
509.3407
376.848
602.2682
353.7126
440.5177
361.9575
441.4024
403.4758
320.8144
166.875
366.4105
346.666
321.3481
197.5206
469.0297
411.8778
386.1102
228.3852
249.2154
160.8663
267.1002
392.2252
429.2089
266.4422
260.5757
202.9717
407.1863
369.807
280.1808
171.4935
573.6813
203.7058
474.5436
226.8033
234.6042
205.1665
547.1037
156.1191
616.1438
320.8517
244.4441
229.8942
237.1522
373.1895
613.2623
274.5009
275.7652
146.4593
330.3168
283.7048
550.0141
224.8954
494.2302
212.3881
257.0239
293.6353
430.9205
168.1824
261.0804
197.9722
439.6669
336.7437
597.3801
262.8866
519.3899
148.3513
263.6501
147.2173
167.155
534.7727
210.3775
246.5989
298.1397
193.5625
221.8467
334.9591
397.2656
133.0253
381.8379
253.9379
277.0394
567.2512
359.0339
327.5848
592.0193
173.9144
301.3871
429.3917
200.0143
301.3263
413.7891
229.0301
143.1279
255.7902
375.3756
190.9329
580.2123
183.4764
181.1084
555.0405
166.8747
182.4198
250.1589
341.1204
124.8378
455.872
384.9193
201.9191
249.0993
162.4882
319.9034
326.6411
411.7052
325.2165
469.249
291.2439
201.2126
346.9882
159.6195
130.1924
529.612
154.3621
278.7238
345.4166
86.0242
315.4248
214.3439
485.385
60.2583
411.9495
159.5588
276.1718
64.4488
307.7977
211.7576
386.5432
101.7395
299.123
160.5631
279.4442
97.6634
275.8984
311.0571
285.5785
74.5912
167.2535
229.5048
452.7368
99.7884
392.3643
158.513
262.1886
59.2145
255.8345
301.9426
482.1903
73.138
195.5823
145.4749
401.0024
56.4178
228.1991
178.4927
321.7322
103.9288
349.5644
168.8895
377.8443
80.0734
261.2075
148.5577
615.296
51.6371
177.4749
263.6353
264.9648
47.3963
185.0154
298.1007
284.3394
88.8902
362.4177
246.0092
408.3422
64.6076
204.033
198.553
288.6433
51.5292
176.0937
297.2011
240.9109
83.4936
365.1829
313.4407
450.121
47.2304
370.9378
141.0933
587.3222
62.1227
294.568
124.8149
454.1187
61.8202
158.3434
290.2191
323.5919
77.7315
254.6562
187.0731
535.4379
98.1728
346.586
233.2181
564.7424
44.5421
353.0944
123.2569
516.0594
67.3255
391.0538
230.6228
541.2917
91.0223
161.2584
286.4123
553.3006
53.1988
224.3952
253.3133
444.198
83.8501
263.6495
234.0976
541.8845
76.0584
381.1918
155.4762
569.6127
77.5946
358.2474
193.6263
571.154
70.6054
162.7676
281.4023
361.549
82.8749
386.9276
211.1299
338.4085
54.3319
354.743
314.9608
280.3206
81.5086
254.054
175.0267
494.0959
99.5275
192.9426
206.0848
328.3564
98.9117
190.3547
247.9832
564.3392
53.076
316.267
262.1041
267.7468
96.7616
402.1921
262.9524
448.0286
97.925
196.1376
221.2618
531.6266
94.6852
321.3344
192.3774
325.459
52.87
307.1234
267.2503
246.2502
63.483
249.3404
143.1439
422.2446
48.0348
342.3603
197.1023
366.3648
93.1522
217.6652
235.3692
252.9895
63.1892
388.3704
216.2737
489.237
94.7193
331.5963
156.6118
511.9458
52.7876
248.8931
294.2528
605.4373
74.6443
233.1309
294.5905
532.64
66.3669
214.3349
215.5338
373.2399
83.3091
208.9015
222.9954
420.1964
103.6898
208.4492
246.2883
472.2414
88.8499
372.2618
254.4793
586.84
89.7706
206.8544
328.5727
346.5549
43.3477
311.6396
290.4148
325.8086
55.6697
333.0002
297.4061
531.6849
46.1364
324.2685
136.5021
601.6539
59.694
176.1912
165.5549
236.9376
83.7417
329.4055
148.8149
244.6632
92.3892
159.2767
190.3612
483.9737
101.712
394.1467
302.3692
493.8811
98.4626
346.618
282.4488
600.8574
45.353
171.9467
151.8015
373.9628
75.5198
189.9395
221.6448
478.7082
89.1278
248.955
145.242
339.8383
99.2556
364.6759
136.9512
411.8106
93.2338
152.2761
271.9695
312.919
77.4836
144.4233
140.9038
395.7877
50.6193
169.2636
315.9323
542.3261
59.1414
176.1036
326.153
471.1924
90.4499
257.9578
270.7235
415.3727
50.1594
217.4524
323.6034
348.6245
68.7878
383.7757
141.0938
395.2787
67.8284
225.439
144.9479
477.2266
52.995
252.5634
261.5903
486.8492
47.0535
387.228
169.9317
303.1656
61.1219
229.1197
224.4058
599.598
46.6309
308.2925
250.183
284.4551
79.2942
205.3007
328.0242
613.5452
85.4348
319.2873
218.9459
536.2235
72.8584
216.8145
239.7497
346.6704
88.1496
158.2923
233.5513
566.2847
100.7982
242.815
328.7035
484.751
57.936
268.0349
252.9617
443.6151
91.6838
173.4058
259.3764
268.0676
42.1667
294.7012
270.2268
391.0938
52.1658
193.161
199.3202
464.205
103.1182
161.9455
293.184
485.6103
45.7746
287.7748
158.0672
335.9311
80.2563
316.706
148.2418
329.3965
51.538
327.9475
235.861
388.8828
80.5013
222.439
263.5802
567.1875
79.6783
375.6183
286.2861
565.5402
65.6096
406.3776
313.6058
559.5663
55.4007
388.6537
226.3814
499.7193
71.5591
302.4272
279.9957
406.5994
68.5342
175.1011
219.3245
498.5633
90.5743
278.3046
296.1675
291.6174
90.5379
247.1172
212.2713
482.7642
48.1787
222.5325
225.5113
551.7462
103.1333
271.6799
217.4383
339.4933
71.4098
265.8969
181.2182
615.5455
86.5744
190.194
304.0127
259.2723
63.0856
166.9781
157.0434
405.8581
87.3186
302.0994
143.9766
489.7662
69.7566
390.363
285.8377
241.727
96.6082
158.591
272.4305
418.2257
48.733
201.1507
204.1854
347.9858
54.2257
199.5604
270.5034
437.0635
49.3207
226.3578
172.9825
410.8761
55.4337
217.8688
254.4342
567.7908
75.156
384.8348
269.2926
479.8001
98.8621
326.059
157.9109
255.2982
44.2729
234.3028
196.3159
398.0612
51.8532
251.6181
204.2531
393.2086
90.2912
275.1185
249.8076
403.1999
84.5273
357.8985
248.5249
310.7842
77.8627
405.3786
322.7806
271.2799
75.5799
350.8071
253.1625
548.6181
56.2601
364.9717
267.8299
603.2289
99.5725
274.3729
298.2032
515.0895
51.7477
373.1881
249.9133
372.0921
89.2292
157.3007
226.7029
510.3145
72.1186
231.4959
185.9257
265.8005
57.9997
367.6222
313.4251
465.0728
78.537
322.0932
302.9014
390.8123
78.9012
243.552
276.3911
476.9394
73.5704
227.8461
160.1816
530.7316
50.4012
407.6595
182.3739
278.6039
92.05
146.2217
124.3823
525.7599
51.852
302.4652
256.9237
614.1057
86.1453
152.8244
273.4991
349.5856
90.739
240.5703
163.011
402.4676
89.7897
209.1473
203.9842
322.0684
75.7554
177.4309
217.872
515.9562
55.3434
392.1453
176.1321
459.8223
46.4632
345.8834
271.143
583.9514
94.1314
354.2412
170.6097
360.5535
76.0543
382.533
258.8703
607.1546
104.2424
305.3733
278.4666
346.7586
98.4715
343.1135
319.4801
495.6159
52.7254
247.6947
130.4616
477.1389
52.9023
370.9273
263.2956
314.8115
53.0713
190.6933
578.7923
80.6584
251.7965
551.9538
64.5323
166.9097
599.3526
72.7437
209.8102
449.3419
56.1939
210.3893
606.6057
99.7382
123.8945
387.8897
97.6942
252.4199
351.7443
83.6345
173.4263
508.0106
53.5713
228.8405
332.2517
70.5931
194.9231
296.6882
51.9926
266.268
407.0678
64.3067
310.6665
316.5705
85.5358
177.9719
337.9574
63.5213
312.4852
519.3155
89.8863
144.9678
607.1183
69.5039
248.1003
429.9139
67.7457
227.3263
459.5979
101.7423
281.8822
613.5897
83.2449
203.7944
554.8849
47.9205
127.46
611.5503
93.9702
249.9203
358.6674
82.3034
217.6196
394.0
97.7047
276.0364
250.4282
65.6948
218.1192
374.1435
46.4282
313.0807
490.8913
94.9682
162.273
486.8388
84.9182
286.4617
567.0805
68.693
320.7537
465.1036
102.7367
243.4436
397.5545
89.2319
300.4416
532.0587
63.9182
202.0569
579.5078
69.0413
289.2107
438.3785
72.6186
285.8238
605.5612
44.182
131.2527
612.9257
93.3065
188.9135
455.0034
80.701
313.3737
263.515
61.1421
136.2559
598.7053
76.7687
232.1687
552.4848
63.4872
203.0056
433.2381
101.9962
314.1364
389.7734
98.4202
162.1618
403.6328
77.1853
458.1782
47.4949
329.4641
42.647
393.5849
43.901
372.1041
383.5683
53.3854
566.6145
252.5058
44.4689
418.1173
325.6932
93.2838
391.114
470.0538
62.5732
534.2207
509.78
68.4714
338.2703
564.4393
82.1288
246.7753
545.5886
56.8698
259.8288
271.8268
60.0798
455.3681
409.5378
70.7843
608.1263
574.3778
58.582
492.5689
338.9559
65.5187
511.6042
545.3663
98.5023
578.1782
340.9085
51.6245
506.947
545.1966
90.4367
555.5888
485.4225
81.6446
460.5757
528.0826
104.631
604.5012
398.5406
50.0328
314.1696
518.475
47.1983
295.0964
567.0759
47.9435
364.6682
455.5957
612.3138
502.3268
294.4821
509.0718
436.5965
504.5704
555.6049
612.9139
301.8789
284.7533
489.947
414.7
425.9064
382.2064
468.7239
306.0897
343.0571
370.3408
522.6206
241.2352
452.0673
561.5464
296.8592
241.252
291.8486
567.3811
502.035
518.6707
499.3942
412.1146
517.6103
575.6415
603.3466
430.5715
555.0276
273.3389
258.3629
427.6998
265.0197
388.8349
486.2481
382.2836
442.157
302.4756
328.999
450.73
607.2692
550.2573
615.517
615.3689
399.2934
264.3629
545.7716
507.2092
371.3141
319.3535
470.3028
244.4175
364.5621
327.0335
462.1143
282.2204
382.6549
331.6714
470.5934
577.9729
345.9326
377.4906
551.6719
280.2725
258.7556
490.8957
363.7505
196.9081
485.4872
615.7315
379.1099
266.0213
554.0018
608.7388
573.1073
288.1638
524.9326
543.1979
383.2656
337.8899
408.1995
268.4289
235.161
173.4568
312.8888
592.4024
345.0231
286.7852
509.4682
373.189
584.5965
183.6311
290.4615
582.5449
367.7905
365.3972
602.1884
250.5937
316.7093
282.3688
310.0023
460.3241
268.8229
183.3903
549.6336
589.4696
488.2914
267.1034
540.7546
270.2833
314.8081
248.8475
608.745
367.7598
329.7719
215.1801
267.8382
582.984
269.1346
164.7044
601.3731
537.518
516.9042
309.4969
444.7673
492.0509
325.0084
151.9073
443.0608
518.9527
289.0424
316.862
252.4546
344.8811
317.3385
310.0274
373.193
461.1866
557.8017
399.3003
610.3992
381.56
596.0564
401.0688
475.0851
492.152
350.6429
181.5451
488.5072
340.2769
379.2904
329.2019
319.3358
531.7883
456.6772
300.9475
305.7455
587.2839
607.5604
216.1582
425.5185
508.4599
278.7313
281.0397
370.5769
446.1908
414.9122
379.0203
439.0353
531.2638
418.4683
304.9855
414.8757
604.1383
557.6602
244.1414
505.7072
283.6419
254.1052
328.1525
164.8492
482.1432
433.0073
592.32
219.2938
241.4793
589.1536
411.31
582.9463
387.3547
134.8953
347.8869
296.9406
602.3043
189.4423
193.0711
379.1235
584.1429
368.8264
181.0279
136.3748
251.0887
498.0352
525.1446
284.9305
196.8772
326.2234
468.2668
484.8286
229.9815
160.508
483.7757
462.2185
352.9354
324.3783
104.0805
329.3379
598.6578
494.55
332.477
158.9718
455.483
447.8745
498.7424
189.3844
215.1964
266.8067
504.672
411.9596
364.8374
145.9079
313.071
361.9392
575.9844
219.9503
244.918
285.6217
464.5052
466.5949
392.2623
95.0161
263.0409
328.8977
437.8232
185.2183
191.7439
345.8494
340.0458
506.4917
359.5592
212.2287
297.2642
576.7605
589.2736
207.3583
103.5093
363.5514
521.8453
268.1731
369.325
238.7975
516.9318
366.373
261.6086
205.4191
228.3703
484.3621
423.4203
568.1833
206.1168
241.9492
535.0672
433.8521
507.0458
156.5262
246.6562
441.1965
410.6119
529.2316
410.1807
192.5401
300.0096
298.2853
235.0624
249.7687
124.1813
583.9058
534.9065
540.5636
166.9125
208.7035
384.102
365.0664
328.1304
245.5011
96.3884
480.3866
347.7255
270.368
355.632
166.0416
354.766
245.3369
572.8282
266.7776
171.7127
237.5033
396.3333
326.378
311.3839
124.5575
501.421
609.6608
454.0141
145.6334
178.8439
532.2445
245.9247
507.4644
293.9314
213.7099
249.1245
395.4623
423.8956
411.8554
195.4482
550.8333
255.2103
537.4472
198.2617
140.541
551.5596
534.3353
531.9636
249.15
175.856
413.8129
495.6263
463.1538
368.0123
231.9862
388.3547
264.4766
362.9524
388.9507
125.2616
605.6842
251.699
437.4066
218.2179
154.8125
519.8442
300.3605
490.5231
317.3952
204.9508
580.9596
508.7611
489.1833
262.3819
138.1042
342.0167
544.9716
342.537
268.1474
238.47
259.991
433.6691
470.0998
407.36
230.2107
310.6727
342.3065
543.5953
230.6486
139.2273
474.8262
456.5386
511.1463
255.0286
203.4697
379.9487
466.2946
380.476
123.7895
250.7284
608.3387
607.2885
336.6701
179.2347
242.1507
512.4403
604.3351
296.9252
340.9051
223.6423
415.8764
487.5726
613.9416
246.9404
356.5859
397.8778
608.3792
449.6889
142.8221
318.5144
548.5951
374.925
487.6341
196.0184
207.9958
487.717
409.188
556.1318
195.0065
300.8728
427.1199
303.7383
437.666
204.4902
280.2889
500.2736
514.3536
466.2499
219.9511
243.7176
300.3371
505.4469
405.4362
178.5214
284.972
471.177
403.8938
454.4802
232.5861
252.4054
529.3167
424.5512
394.4661
171.0459
152.7505
563.5708
363.2272
254.629
142.9715
348.086
566.9497
310.2766
533.1542
219.7797
294.1931
381.6475
276.8244
370.3494
162.3274
230.7507
318.9222
531.7347
473.1652
120.6772
346.9001
468.8609
560.5461
566.2821
237.4346
189.2433
563.7163
303.798
238.1818
242.9489
237.1277
517.4799
513.0602
380.8366
110.2269
227.1348
505.2025
252.9965
295.2347
183.7636
175.4529
368.6016
597.7221
447.2305
190.5356
319.6092
324.8714
339.9237
384.8227
235.0136
357.3444
331.2501
495.0668
533.138
110.845
183.5778
268.339
296.8531
312.9087
148.6054
365.5268
528.7997
577.7699
301.9521
340.4284
181.7163
255.4627
343.8094
433.821
230.6836
164.5546
519.5654
426.4528
580.2713
162.1311
264.6822
488.4514
351.6282
470.9313
270.068
103.4534
285.5105
427.4347
264.817
240.8279
294.3147
576.9615
503.8509
408.9045
144.3824
244.4455
501.4998
344.061
556.3399
116.8382
164.5808
508.2928
356.51
394.5919
225.7006
205.1811
451.3443
589.1612
438.4194
181.1203
347.7326
275.8732
569.2123
587.4388
262.4555
130.0624
465.8859
273.8466
508.9012
284.4245
132.6123
538.9189
319.776
472.3347
184.8547
321.3251
506.9907
590.0418
378.5047
223.1936
179.9714
467.1263
307.2217
345.284
164.9971
380.9607
582.3731
397.9186
501.076
154.6676
205.3076
411.8968
247.9894
242.3283
277.5918
191.9401
521.5596
490.7869
495.7498
225.2821
177.5118
471.7734
234.0244
425.9031
243.616
200.0326
590.8081
381.7576
302.8329
97.4948
400.8289
468.6018
299.1328
375.9519
173.9067
333.4318
555.7943
355.8833
612.4341
254.6407
97.5187
342.4987
334.9031
435.7015
138.0338
343.7912
593.1097
463.9856
435.3971
235.3173
354.4902
293.8544
408.2798
509.1925
178.2312
232.5574
508.9388
558.4504
248.0409
97.2228
339.363
279.6187
382.6704
402.4744
150.7726
152.5471
344.3953
514.1365
541.9639
351.1908
109.3146
558.5687
271.5019
442.4531
235.6048
158.7445
375.233
299.8656
289.0436
214.3936
329.0136
390.6641
259.4937
491.7042
150.0914
198.8123
399.6702
379.6735
411.8521
202.8985
273.7984
304.224
499.2795
509.2499
141.1319
266.8248
382.677
378.0104
312.5695
168.4036
212.9477
321.2572
390.4467
459.2854
121.1108
223.0895
372.9136
577.0156
445.9018
206.3558
327.9249
583.8313
517.7248
334.7176
160.7025
246.2943
579.8324
295.9858
280.2875
237.0288
386.5308
403.8416
281.9742
255.0594
211.793
230.443
244.885
520.567
260.3111
210.2608
218.1243
401.6386
235.4286
360.7584
124.5228
348.5588
499.0338
545.368
573.7428
210.546
172.8556
345.8806
247.3264
358.3112
209.582
360.1487
282.4362
454.695
356.2147
95.3726
203.2558
415.1225
390.7207
554.0492
184.2452
170.7715
407.4492
575.5059
578.4507
188.6783
332.8488
324.4243
500.8532
286.1248
136.9256
350.6236
473.5423
501.2752
502.1347
203.2835
399.197
509.8202
297.5775
488.9744
146.0181
186.3859
615.9691
471.0226
261.3774
237.795
197.8505
497.4409
447.8507
481.2011
112.3117
182.434
373.6628
570.8104
283.9791
173.0783
242.0151
583.2951
311.3226
422.8693
129.5357
338.8376
435.9087
380.5535
317.962
204.6832
332.0532
556.0291
461.4284
413.4222
186.3265
197.5199
262.4087
391.2385
425.5289
231.674
396.5449
439.9793
246.6493
524.748
167.0731
154.8159
249.9848
273.8488
534.5854
135.6018
202.6009
343.5605
254.6026
562.0937
211.1289
192.9923
311.829
267.3718
568.3387
239.7228
291.1718
521.8064
501.3436
442.947
176.5286
146.7527
370.9721
330.6767
381.3591
115.2021
327.6493
353.9612
466.5346
533.4113
118.7789
363.2506
239.9312
281.3025
245.4955
378.1842
317.3325
344.3762
181.4505
222.218
484.4716
295.8328
180.632
159.1246
381.6221
421.2211
117.8467
157.1189
560.5095
424.2854
228.7598
364.9263
430.3243
563.7605
98.8008
188.1745
455.3593
223.8962
480.3045
220.2977
285.1481
320.2022
150.5794
278.4695
99.2374
405.4991
515.7636
128.8295
280.6198
147.1
390.7638
252.7546
221.9776
600.6252
219.922
264.6509
336.185
246.8832
581.3294
117.0458
308.4169
304.831
234.685
530.0192
231.8702
332.2408
549.7052
131.5503
389.8925
226.5998
286.5993
602.5244
107.4253
326.5279
138.9959
337.6417
488.1787
104.785
548.353
121.1254
406.5649
545.2002
147.3831
361.113
178.1116
244.9883
480.2319
193.0024
286.3399
210.8841
314.329
337.4964
138.204
349.8209
210.9284
253.1767
319.2642
127.0784
285.0671
151.0361
292.6687
606.3233
99.9944
502.7828
180.0553
259.865
412.4472
102.35
379.3336
209.64
189.123
485.8639
137.3218
375.2153
109.0004
397.4728
248.7249
170.6151
323.523
203.6528
219.9923
298.5734
135.2143
399.4196
102.1697
229.1818
313.8138
240.1325
557.6044
106.9298
166.3391
406.1797
215.1615
352.7821
192.8679
356.9348
558.2031
227.6219
292.1314
202.225
177.9872
443.683
127.1133
506.7739
191.2981
277.437
397.1541
210.264
572.2428
169.1906
237.5225
468.3559
161.4811
477.9514
140.5618
258.1548
242.7009
121.7005
447.6622
148.3774
160.2925
576.7437
237.1369
376.9556
164.6591
265.3166
354.6498
208.0339
419.6984
133.2346
398.4061
521.664
205.4138
425.5127
164.4882
231.9124
457.5796
115.8277
526.2448
122.1098
164.7345
478.2068
154.1056
573.4338
121.846
325.694
506.8417
108.1063
341.7802
118.2491
380.9101
277.7348
103.4674
498.615
99.4278
145.1748
305.5599
152.3552
509.3681
129.7969
193.3274
556.8828
158.2149
373.0372
240.8273
327.63
270.6303
81.8946
87.9105
53.8954
70.7271
69.4785
64.9739
104.9131
57.1372
73.5119
73.9765
70.6989
73.2686
71.6711
83.6721
62.255
58.6653
90.2078
88.3127
50.4975
48.1171
43.8442
104.4809
86.2004
91.0457
94.1341
61.6209
55.3321
69.9278
46.3175
61.3429
96.9631
72.2652
67.5342
61.1669
87.7073
89.5294
99.75
58.3737
100.6076
99.3357
91.8984
64.0328
58.4754
95.8369
73.5443
55.0918
96.9497
100.964
43.8339
82.6265
74.9552
95.6891
55.6154
48.9775
71.8105
100.9373
42.3842
54.5284
45.9579
52.1314
78.1348
49.3164
86.1731
43.6206
89.2898
58.5097
73.1494
63.4125
42.6147
97.0364
49.5433
101.7076
68.4247
48.3016
89.923
72.715
73.4459
96.9942
103.5651
71.1233
89.4
75.4505
59.708
52.3898
95.751
63.9178
100.6922
64.72
42.0715
98.3382
45.3908
47.2126
95.1682
75.9637
80.4657
70.1622
79.4395
65.2018
44.2748
43.9334
75.9276
64.5941
70.6984
48.145
45.18
92.7329
65.7527
91.138
72.333
89.2322
76.618
57.8409
98.7943
73.5906
62.6194
101.1904
80.5149
59.9023
65.7685
101.2187
82.1164
77.9081
98.7002
104.7769
45.0642
91.8113
87.2209
86.6291
100.6661
94.6264
80.2198
43.3204
50.9137
45.58
49.3948
75.803
84.0854
68.236
95.0882
90.2846
67.5776
98.5793
82.5405
49.1544
74.648
68.2606
89.0296
51.1382
57.6143
50.5797
96.6833
78.035
47.5788
66.5618
80.2299
61.4979
79.9252
59.6714
59.5803
44.3337
98.6717
73.2997
50.9279
93.7205
97.2518
102.1599
77.9907
79.5655
86.4458
75.1301
56.1273
81.9626
94.9865
64.8973
74.31
76.3451
99.8252
53.9698
97.3538
97.4787
63.1576
63.2534
443.3623
64.1678
328.4659
56.0962
539.1374
58.034
462.8185
62.0484
361.2983
95.9106
360.5111
138.748
98.4801
103.3376
506.7438
63.0182
97.5564
283.1567
54.553
158.868
579.8741
43.6416
155.9782
586.3227
89.9989
51.1457
114.6501
525.0064
44.4999
59.0347
225.3686
614.9233
56.6648
87.4875
163.8148
511.6603
75.9202
52.8976
179.9723
556.9815
91.9126
65.211
211.837
523.5401
45.7151
94.1491
183.5319
242.4191
75.3819
45.3343
238.8985
529.9497
101.9964
77.928
215.4701
373.7226
56.0894
72.4704
180.7953
336.7903
79.1011
44.816
148.9606
252.9176
62.6982
49.1947
106.6054
572.3043
63.3561
143.4325
573.2527
84.2453
168.9603
571.4583
243.8889
370.6125
187.6022
501.4204
216.3132
430.1661
195.1522
308.291
142.6689
414.4323
127.4443
577.3541
152.8986
468.165
98.6782
495.0432
198.1401
571.6147
222.8871
485.8203
208.3806
584.1745
140.5745
366.0237
165.3684
593.4592
125.4217
453.7904
123.35
539.724
143.2377
603.0937
210.3494
342.0095
144.3502
400.716
210.6041
430.228
175.4069
605.6021
200.4222
367.5771
229.0821
512.5058
133.1213
471.1812
118.4551
500.1546
163.8605
429.7196
130.8512
341.3105
128.0732
473.0022
135.7104
465.1067
225.8594
241.9996
200.5701
543.8809
115.0914
268.7251
152.524
381.4138
190.1378
305.5969
189.5414
360.0089
221.0089
539.4891
140.8045
236.2284
189.3729
409.5989
145.7455
497.3132
211.2939
514.5232
151.738
269.3786
217.6883
365.544
240.4218
502.3831
220.3961
608.0784
142.4111
331.6157
196.4125
362.5405
197.6637
476.0394
195.222
533.5038
136.057
317.2676
134.3269
340.0378
101.7454
234.2267
215.9605
382.4166
229.6427
565.6852
133.6228
552.0709
138.8993
601.7972
96.476
379.6666
152.5164
455.6166
182.7853
613.5558
212.2629
515.1986
200.488
482.5424
245.8339
406.3987
171.6236
542.9572
102.714
557.8272
127.756
322.4197
146.4816
339.6
145.6653
517.4044
126.3125
284.5582
170.4889
465.8007
161.2174
389.5037
95.1351
365.0794
149.0683
533.7148
142.1969
322.4439
170.7449
554.5665
131.7351
298.4501
177.7531
572.4885
99.2053
380.0331
213.443
290.7396
120.4463
274.675
159.4762
316.5711
217.0485
454.5852
96.4668
292.2901
151.5698
444.2518
156.7414
342.5108
161.9628
295.5461
131.9407
375.5081
236.2269
265.7353
126.7048
550.0548
159.698
554.2736
117.9609
498.436
230.5355
471.0974
243.3527
342.4881
225.8648
305.3565
106.1273
555.5092
119.6838
289.0553
155.3165
607.733
140.0377
427.9699
151.3226
426.7407
223.1173
430.4407
170.0456
601.7184
199.8322
419.2144
229.4574
324.8413
160.0606
604.4345
97.0556
549.2825
245.1749
436.1399
178.9015
430.4074
164.5906
346.242
184.9705
574.6189
104.9852
542.9028
167.3173
433.0668
169.4812
542.5312
113.0789
457.0303
96.4871
342.2551
95.6174
458.2166
172.0371
455.7106
244.1214
590.4985
245.3703
351.3158
188.7628
358.7418
113.137
463.8685
111.0291
408.3349
125.0195
449.3222
197.1207
574.8505
122.7032
529.9498
244.3317
587.9215
187.0298
395.8128
142.1019
583.9116
198.8178
595.4931
108.9531
509.3061
173.2276
236.4382
105.7954
249.9337
97.7033
381.0037
157.1144
538.1603
117.416
424.3512
98.3194
286.0699
97.7868
383.7856
234.0628
415.3659
211.0624
431.8745
162.607
437.2871
147.0665
597.8071
139.3445
451.2381
101.1485
467.8955
154.3465
597.084
108.999
469.9244
128.341
445.1488
202.4
288.1872
192.7934
592.898
212.1267
255.5373
240.7871
539.062
196.1158
288.6045
232.1741
598.5839
238.6634
585.501
116.99
266.2415
109.8149
591.8551
129.3999
398.1045
129.257
598.8684
240.4675
578.1449
137.92
445.2949
101.8093
416.3169
159.1488
453.7877
111.7244
323.2631
113.6967
342.9453
138.6581
251.4943
246.9472
336.6278
143.8861
578.4186
188.666
571.6839
160.0759
497.9667
123.2342
441.1581
124.9075
454.7846
209.7111
318.3058
171.2077
338.0196
148.2259
357.355
201.0768
268.6351
186.0939
420.9068
153.2589
329.9372
173.7017
235.1599
190.5318
486.589
172.6041
304.7854
231.1634
381.8252
114.4256
439.2633
217.509
270.8595
213.0553
420.8145
175.5925
98.5657
156.2739
146.0952
224.0425
608.7444
287.1518
574.2297
390.9477
613.12
359.4456
358.3168
291.4835
373.0419
412.0057
399.9122
450.5132
357.6141
554.5291
343.4469
427.2243
591.7542
368.0983
519.0142
331.3586
295.1076
489.3936
433.0322
373.4845
347.0848
270.6495
372.2791
608.2649
343.519
515.8589
567.7984
296.221
394.4443
377.7225
408.1759
522.4926
577.4962
479.8444
574.6877
306.0947
536.4317
582.6741
246.8187
562.1692
565.2721
410.6943
293.653
405.734
539.5657
385.3549
386.6349
542.427
333.2719
540.253
566.2013
532.747
380.7666
491.0594
559.7848
462.2906
277.4687
268.6902
489.6882
315.4844
589.5874
292.2261
481.33
308.3146
404.4906
290.0761
512.3614
456.5518
388.1951
424.8882
311.153
336.9718
434.4768
600.7063
262.1549
382.0731
523.1028
441.8729
445.6255
303.7902
382.6841
518.1776
301.2331
582.7027
447.6503
411.7525
256.0277
320.2411
470.8436
328.2128
529.2843
454.3881
579.2361
315.5441
369.717
274.3766
368.2666
346.2358
597.5648
447.883
439.2989
305.1599
451.0474
496.2175
443.7017
457.6971
418.6933
484.0097
336.0486
291.6074
525.038
603.8909
431.9406
520.1487
389.1941
379.672
461.9481
394.9396
481.7919
360.5179
494.1752
478.0697
558.7916
369.6177
469.9446
340.9552
442.6657
243.8511
459.1035
573.441
278.454
574.9512
294.4511
485.6488
456.1879
579.6627
308.7864
503.0709
242.1873
567.3968
302.0779
254.411
289.7279
387.8819
377.2538
586.67
411.5794
561.3106
389.1138
506.9788
465.9153
537.4825
495.8614
349.6766
334.0937
403.4436
323.7579
253.1356
330.8086
486.1211
383.397
265.8318
323.1133
573.4546
567.1009
358.1616
430.814
477.524
514.9369
531.5047
435.735
599.1724
508.8562
450.0336
389.3546
387.6258
405.4524
318.7677
312.3129
248.6089
245.8421
518.3756
326.2894
581.4564
436.1662
571.2215
260.7529
434.7215
541.2125
311.159
458.0818
567.779
329.6589
384.5705
521.556
385.9261
581.4386
359.1525
6.0485
11.2282
5.6475
13.5641
7.5172
17.1238
13.9106
4.6388
11.3275
17.6095
16.0304
11.0871
21.64
3.0674
18.5518
9.9396
21.1983
21.831
18.7958
10.3422
21.2533
3.3027
12.9355
13.0498
6.785
5.6976
13.0707
4.612
10.0731
10.9739
7.4418
5.9542
13.9851
16.5489
6.5921
6.1875
20.4829
11.3593
2.7487
14.5684
7.221
3.6166
20.6682
3.951
18.1166
13.9688
21.0944
6.5883
16.897
21.7863
13.6869
16.5596
13.7474
21.5457
2.8948
8.07
11.8424
10.5886
10.4314
6.8566
6.4433
7.3912
13.3871
6.9132
6.201
3.4357
20.2398
15.5364
7.2135
5.0833
21.9248
21.3024
15.6983
2.5578
16.3242
4.5848
20.1382
8.149
9.5343
15.2213
18.7607
10.7456
2.2715
6.9395
13.2101
18.8066
14.7754
3.1519
16.0
3.0
5.0
8.0
5.0
20.0
16.0
54.0
15.0
56.0
9.0
47.0
3.0
49.0
5.0
47.0
14.0
47.0
3.0
63.0
14.0
45.0
14.0
54.0
21.0
47.0
11.0
52.0
19.0
56.0
17.0
60.0
14.0
63.0
9.0
48.0
11.0
53.0
18.0
45.0
12.0
48.0
13.0
43.0
8.0
58.0
8.0
43.0
12.0
53.0
2.0
49.0
4.0
45.0
16.0
51.0
22.0
55.0
21.0
48.0
14.0
48.0
22.0
57.0
5.0
46.0
2.0
55.0
2.0
49.0
10.0
54.0
22.0
45.0
2.0
56.0
8.0
42.0
14.0
61.0
18.0
62.0
8.0
63.0
9.0
58.0
3.0
46.0
21.0
47.0
8.0
52.0
7.0
61.0
10.0
46.0
4.0
47.0
17.0
53.0
6.0
46.0
21.0
49.0
15.0
43.0
21.0
47.0
3.0
59.0
17.0
47.0
17.0
42.0
20.0
52.0
19.0
59.0
9.0
57.0
15.0
58.0
4.0
57.0
6.0
57.0
9.0
43.0
20.0
60.0
22.0
48.0
14.0
62.0
11.0
56.0
15.0
53.0
6.0
51.0
8.0
47.0
11.0
63.0
3.0
62.0
22.0
55.0
17.0
60.0
17.0
47.0
16.0
55.0
10.0
63.0
2.0
45.0
12.0
45.0
16.0
45.0
17.0
55.0
22.0
58.0
9.0
63.0
15.0
53.0
15.0
44.0
12.0
60.0
6.0
45.0
7.0
62.0
21.0
43.0
19.0
47.0
9.0
43.0
6.0
49.0
11.0
49.0
17.0
58.0
9.0
53.0
19.0
59.0
13.0
58.0
12.0
59.0
21.0
60.0
5.0
53.0
9.0
50.0
20.0
60.0
9.0
43.0
6.0
47.0
11.0
58.0
2.0
63.0
3.0
45.0
22.0
46.0
9.0
59.0
12.0
44.0
11.0
51.0
4.0
44.0
17.0
56.0
5.0
58.0
7.0
49.0
10.0
58.0
3.0
56.0
5.0
49.0
11.0
58.0
16.0
61.0
14.0
54.0
15.0
63.0
16.0
53.0
12.0
59.0
18.0
53.0
14.0
55.0
5.0
49.0
5.0
47.0
16.0
45.0
10.0
21.0
60.0
3.0
54.0
11.0
52.0
7.0
57.0
7.0
47.0
15.0
53.0
3.0
42.0
12.0
49.0
9.0
44.0
22.0
51.0
11.0
52.0
5.0
48.0
15.0
63.0
22.0
63.0
13.0
45.0
13.0
47.0
20.0
48.0
19.0
46.0
59.0
44.0
51.0
63.0
63.0
56.0
43.0
61.0
42.0
60.0
44.0
42.0
54.0
50.0
45.0
45.0
60.0
53.0
59.0
49.0
50.0
44.0
49.0
56.0
45.0
52.0
56.0
52.0
47.0
53.0
44.0
51.0
48.0
55.0
47.0
50.0
56.0
57.0
49.0
62.0
57.0
46.0
48.0
55.0
43.0
46.0
45.0
61.0
60.0
59.0
46.0
51.0
45.0
52.0
61.0
51.0
43.0
52.0
44.0
54.0
60.0
53.0
62.0
58.0
42.0
59.0
42.0
50.0
58.0
48.0
52.0
60.0
47.0
45.0
54.0
42.0
42.0
60.0
49.0
61.0
61.0
42.0
46.0
43.0
56.0
46.0
45.0
44.0
52.0
60.0
47.0
59.0
56.0
58.0
57.0
58.0
46.0
53.0
51.0
50.0
44.0
59.0
45.0
53.0
47.0
46.0
62.0
42.0
46.0
55.0
44.0
62.0
55.0
63.0
175.0
43.0
196.0
59.0
154.0
52.0
188.0
43.0
123.0
60.0
180.0
57.0
193.0
53.0
174.0
52.0
124.0
56.0
151.0
48.0
159.0
59.0
193.0
45.0
184.0
43.0
205.0
56.0
173.0
43.0
163.0
46.0
164.0
43.0
196.0
55.0
157.0
46.0
173.0
49.0
194.0
45.0
190.0
50.0
168.0
42.0
141.0
43.0
191.0
57.0
157.0
55.0
138.0
58.0
142.0
45.0
135.0
43.0
192.0
44.0
195.0
43.0
129.0
56.0
177.0
63.0
190.0
55.0
168.0
52.0
135.0
63.0
201.0
54.0
148.0
44.0
138.0
58.0
172.0
42.0
162.0
47.0
178.0
60.0
206.0
43.0
159.0
54.0
199.0
57.0
139.0
48.0
141.0
63.0
195.0
58.0
179.0
46.0
153.0
52.0
135.0
52.0
128.0
52.0
155.0
45.0
140.0
61.0
172.0
60.0
158.0
59.0
202.0
53.0
138.0
48.0
149.0
56.0
160.0
58.0
175.0
61.0
197.0
49.0
155.0
52.0
170.0
42.0
173.0
58.0
186.0
52.0
180.0
55.0
202.0
53.0
134.0
48.0
192.0
43.0
191.0
45.0
171.0
44.0
138.0
47.0
129.0
44.0
166.0
52.0
199.0
47.0
124.0
58.0
123.0
53.0
188.0
43.0
128.0
51.0
135.0
47.0
184.0
59.0
147.0
45.0
183.0
60.0
163.0
54.0
168.0
42.0
186.0
51.0
174.0
61.0
185.0
59.0
194.0
53.0
134.0
61.0
180.0
43.0
165.0
55.0
168.0
61.0
184.0
62.0
163.0
48.0
194.0
62.0
164.0
50.0
161.0
50.0
163.0
56.0
166.0
53.0
200.0
54.0
139.0
42.0
179.0
55.0
160.0
50.0
177.0
43.0
173.0
42.0
159.0
50.0
196.0
56.0
203.0
47.0
202.0
53.0
163.0
56.0
138.0
53.0
158.0
57.0
194.0
61.0
178.0
45.0
138.0
60.0
164.0
50.0
197.0
49.0
133.0
56.0
171.0
42.0
206.0
45.0
142.0
61.0
197.0
51.0
153.0
42.0
141.0
59.0
163.0
44.0
162.0
43.0
154.0
54.0
138.0
43.0
204.0
51.0
170.0
48.0
168.0
42.0
152.0
57.0
194.0
50.0
176.0
44.0
182.0
59.0
191.0
56.0
140.0
61.0
204.0
45.0
150.0
54.0
130.0
46.0
159.0
53.0
193.0
56.0
169.0
42.0
152.0
46.0
162.0
3.0
18.0
10.0
17.0
4.0
21.0
11.0
11.0
2.0
16.0
18.0
10.0
16.0
9.0
8.0
17.0
21.0
4.0
4.0
6.0
19.0
4.0
4.0
8.0
8.0
15.0
13.0
13.0
7.0
3.0
2.0
11.0
14.0
6.0
4.0
4.0
16.0
14.0
22.0
18.0
19.0
4.0
21.0
20.0
16.0
9.0
16.0
3.0
2.0
6.0
13.0
3.0
11.0
17.0
10.0
10.0
18.0
18.0
11.0
10.0
15.0
18.0
8.0
5.0
21.0
19.0
16.0
13.0
21.0
21.0
2.0
11.0
16.0
16.0
15.0
16.0
9.0
3.0
8.0
19.0
14.0
16.0
3.0
13.0
5.0
12.0
3.0
12.0
10.0
17.0
22.0
7.0
17.0
14.0
9.0
15.0
4.0
4.0
8.0
13.0
13.0
12.0
9.0
2.0
4.0
21.0
18.0
4.0
16.0
9.0
10.0
6.0
12.0
4.0
9.0
21.0
8.0
5.0
13.0
8.0
5.0
14.0
20.0
5.0
21.0
3.0
10.0
19.0
3.0
3.0
8.0
18.0
10.0
19.0
14.0
7.0
15.0
18.0
7.0
2.0
2.0
15.0
7.0
21.0
14.0
9.0
20.0
12.0
7.0
22.0
16.0
20.0
3.0
19.0
20.0
16.0
2.0
16.0
17.0
21.0
18.0
19.0
16.0
2.0
11.0
9.0
20.0
16.0
11.0
20.0
18.0
20.0
8.0
3.0
10.0
19.0
22.0
17.0
22.0
4.0
10.0
8.0
12.0
19.0
14.0
7.0
2.0
4.0
13.0
2.0
4.0
6.0
17.0
15.0
7.0
17.0
22.0
20.0
4.0
11.0
19.0
20.0
5.0
10.0
11.0
5.0
17.0
19.0
7.0
13.0
5.0
17.0
17.0
15.0
11.0
22.0
3.0
3.0
13.0
13.0
8.0
3.0
4.0
19.0
14.0
6.0
12.0
16.0
12.0
2.0
14.0
16.0
13.0
13.0
7.0
17.0
13.0
12.0
19.0
2.0
13.0
20.0
12.0
15.0
17.0
18.0
13.0
8.0
12.0
4.0
22.0
10.0
14.0
15.0
15.0
2.0
22.0
11.0
21.0
20.0
9.0
15.0
18.0
12.0
21.0
7.0
15.0
17.0
17.0
6.0
21.0
10.0
3.0
2.0
21.0
15.0
6.0
4.0
14.0
2.0
5.0
21.0
5.0
18.0
2.0
22.0
22.0
12.0
8.0
21.0
20.0
16.0
3.0
21.0
18.0
8.0
7.0
7.0
8.0
18.0
8.0
19.0
10.0
12.0
2.0
21.0
18.0
18.0
14.0
7.0
10.0
3.0
13.0
22.0
17.0
22.0
14.0
2.0
3.0
9.0
14.0
12.0
19.0
22.0
21.0
3.0
2.0
21.0
20.0
22.0
17.0
16.0
10.0
12.0
11.0
3.0
2.0
4.0
13.0
13.0
3.0
18.0
6.0
20.0
7.0
8.0
17.0
17.0
4.0
12.0
8.0
21.0
21.0
3.0
21.0
18.0
7.0
5.0
11.0
16.0
13.0
11.0
20.0
20.0
5.0
13.0
5.0
7.0
7.0
9.0
16.0
11.0
10.0
13.0
20.0
20.0
2.0
12.0
14.0
14.0
12.0
13.0
5.0
7.0
21.0
18.0
22.0
15.0
14.0
12.0
20.0
15.0
14.0
14.0
7.0
19.0
11.0
2.0
17.0
9.0
5.0
4.0
9.0
11.0
12.0
4.0
5.0
6.0
17.0
5.0
3.0
22.0
4.0
8.0
7.0
20.0
8.0
3.0
14.0
11.0
8.0
20.0
2.0
17.0
11.0
2.0
15.0
22.0
6.0
13.0
20.0
4.0
9.0
6.0
8.0
9.0
14.0
7.0
21.0
10.0
8.0
8.0
14.0
18.0
5.0
10.0
15.0
2.0
10.0
10.0
8.0
3.0
13.0
6.0
6.0
2.0
15.0
12.0
16.0
21.0
3.0
5.0
2.0
12.0
9.0
5.0
13.0
12.0
19.0
22.0
6.0
10.0
10.0
14.0
20.0
16.0
20.0
19.0
9.0
3.0
6.0
19.0
6.0
19.0
8.0
21.0
18.0
14.0
15.0
21.0
14.0
8.0
2.0
14.0
7.0
16.0
14.0
8.0
21.0
7.0
15.0
6.0
10.0
11.0
8.0
3.0
4.0
8.0
19.0
20.0
4.0
13.0
21.0
12.0
12.0
11.0
13.0
9.0
19.0
4.0
8.0
12.0
6.0
10.0
14.0
12.0
9.0
19.0
9.0
10.0
12.0
8.0
15.0
16.0
5.0
2.0
4.0
12.0
22.0
12.0
8.0
13.0
7.0
10.0
18.0
19.0
20.0
14.0
5.0
2.0
6.0
4.0
8.0
8.0
7.0
2.0
8.0
5.0
19.0
3.0
20.0
4.0
18.0
10.0
3.0
8.0
3.0
8.0
19.0
3.0
12.0
20.0
11.0
17.0
7.0
12.0
14.0
2.0
7.0
9.0
8.0
15.0
18.0
9.0
8.0
6.0
21.0
17.0
15.0
6.0
22.0
2.0
19.0
9.0
2.0
5.0
4.0
5.0
17.0
12.0
7.0
19.0
13.0
4.0
184.0
5.0
8.0
14.0
171.0
14.0
22.0
3.0
125.0
15.0
8.0
22.0
128.0
4.0
15.0
9.0
190.0
20.0
20.0
15.0
201.0
6.0
13.0
4.0
183.0
12.0
2.0
20.0
178.0
2.0
14.0
17.0
144.0
10.0
7.0
13.0
181.0
13.0
8.0
125.0
2.0
7.0
176.0
16.0
5.0
197.0
7.0
5.0
148.0
4.0
205.0
18.0
13.0
151.0
166.0
188.0
167.0
147.0
148.0
197.0
175.0
170.0
260.0
170.0
154.0
253.0
184.0
238.0
161.0
209.0
226.0
170.0
145.0
239.0
174.0
170.0
205.0
184.0
225.0
223.0
203.0
145.0
110.0
190.0
144.0
228.0
108.0
246.0
151.0
250.0
145.0
245.0
130.0
261.0
140.0
159.0
115.0
158.0
124.0
185.0
105.0
202.0
128.0
238.0
116.0
199.0
123.0
206.0
111.0
248.0
97.0
178.0
101.0
183.0
100.0
155.0
136.0
182.0
149.0
244.0
101.0
251.0
130.0
230.0
137.0
236.0
122.0
214.0
146.0
261.0
144.0
239.0
116.0
173.0
116.0
240.0
102.0
228.0
146.0
260.0
227.0
145.0
321.0
204.0
109.0
323.0
160.0
117.0
235.0
125.0
119.0
127.0
139.0
98.0
99.0
107.0
141.0
96.0
102.0
132.0
123.0
140.0
146.0
130.0
143.0
108.0
101.0
119.0
136.0
102.0
124.0
119.0
129.0
126.0
145.0
141.0
102.0
288.0
366.0
383.0
309.0
373.0
152.0
140.0
151.0
114.0
133.0
121.0
124.0
106.0
18.0
11.0
7.0
4.0
12.0
5.0
20.0
16.0
7.0
18.0
21.0
18.0
11.0
21.0
19.0
17.0
9.0
16.0
15.0
5.0
9.0
2.0
11.0
