172.7145
241.5113
135.8667
123.9565
303.16
274.1375
293.3222
382.0998
145.3073
411.6065
307.3561
164.1493
247.4422
229.5
251.4777
273.9112
365.5327
243.6486
171.3712
307.0322
238.3515
236.6212
199.1515
302.5315
273.4044
218.8128
219.3427
211.2744
206.7446
252.6948
215.4861
311.8437
253.2911
200.6807
190.7931
92.6198
104.3577
60.9775
51.8972
91.3169
76.9483
92.0002
84.586
102.2545
93.293
237.5627
274.4798
187.9308
173.0069
253.1064
250.2945
303.7784
177.5361
302.8128
392.3351
191.6827
172.7452
357.6574
167.278
169.3339
166.4655
245.8195
352.2233
352.9775
147.8738
2.3919
2.9874
2.6376
2.2305
1.2609
1.0543
1.7772
1.9738
2.4701
2.8469
1.6292
1.3789
1.1316
1.756
1.1931
1.7242
182.8106
253.7517
188.5302
178.0757
152.0616
248.2162
163.2512
304.8759
251.9081
215.2012
243.5076
538.7077
425.8915
568.4396
431.9361
573.1614
517.5724
501.0284
235.1767
293.6011
138.1012
206.381
235.9471
200.1297
101.5218
157.8599
134.4927
212.5937
130.2781
319.8096
280.0951
267.6454
255.9887
334.2872
459.6665
394.9548
247.279
334.7747
197.6
259.7297
314.6172
322.3402
325.6581
234.9922
134.8893
281.4649
172.0017
116.2405
199.3847
137.3643
188.6734
240.9606
130.0505
230.504
211.3443
381.0277
370.0267
264.8203
275.3396
360.9874
325.8132
251.7058
375.5687
149.6272
479.1715
276.8252
269.0052
445.4772
168.9403
268.3052
197.2262
370.3185
165.8693
494.2203
114.0481
144.4484
168.3705
240.9101
169.8662
243.9332
126.6601
171.3607
133.0613
117.1366
353.6687
260.4584
382.9791
533.1143
421.2621
516.9831
458.3509
275.336
181.026
104.3012
246.0773
230.1105
246.6024
399.8745
303.8356
211.8718
66.7847
77.8629
94.4776
46.0265
68.4963
42.0276
57.8298
63.807
45.4845
104.3956
94.4144
60.4968
63.5032
83.6687
242.169
171.3343
229.3734
181.0757
199.9672
170.3015
117.7198
148.1093
158.5314
214.2842
140.4742
131.9719
110.1991
132.3696
100.6656
177.7321
102.068
150.077
230.7305
238.804
229.7417
370.5345
238.4685
397.3134
315.6608
349.9202
334.579
304.3017
235.9033
72.8473
57.2995
73.5724
55.383
45.2445
54.4263
42.9281
91.5466
42.1034
101.9738
77.2401
63.0921
71.3382
68.2328
81.6159
94.2443
50.5912
104.7282
61.0209
64.1505
71.7595
94.6428
76.4746
59.095
96.625
49.7984
393.2127
85.6485
179.6294
83.3073
240.077
71.3121
238.7858
51.2978
385.6576
83.1739
179.3709
102.4958
236.5756
65.6525
185.1537
103.9244
337.4531
62.5448
242.6325
68.5483
319.607
50.3421
339.2607
50.3568
369.2858
99.1091
275.8036
102.1327
184.3781
42.1513
202.6199
54.008
263.7198
43.2177
385.2977
43.8492
252.2037
76.1036
162.5887
54.5544
291.8404
102.2253
238.9679
79.4758
219.7481
102.0457
327.411
101.4075
352.7449
580.5035
78.9661
380.4085
492.3711
48.8398
260.0868
399.7333
86.2013
231.5275
360.2557
97.2679
193.8934
474.5343
94.1917
261.8347
474.0305
42.106
164.9997
323.9906
67.3873
405.8957
586.598
94.9276
352.5331
298.256
64.426
367.3029
560.1403
87.2852
229.2272
443.8755
73.2035
147.3144
385.1195
103.0261
212.5336
530.2785
93.0864
268.2562
444.1554
95.3248
219.312
429.7729
81.7965
356.5563
586.4359
82.1233
209.5811
546.4356
46.5532
378.5376
259.0811
68.0557
380.6366
517.5083
61.5137
204.4843
392.299
55.221
184.7901
539.2837
100.4242
329.0089
572.2536
87.3603
164.0587
417.9981
95.6625
286.3828
601.2955
49.0985
231.3341
518.9309
60.5334
244.2547
602.5954
47.9147
267.8837
564.7557
78.7628
330.0694
463.2679
42.4196
335.4847
421.1866
95.6286
301.5107
433.7751
73.3377
310.0683
581.1181
54.0613
271.4263
494.7558
49.3182
272.4498
465.7689
53.3539
182.9595
453.4446
51.3274
324.5421
285.8068
72.8292
177.9938
320.5111
104.9193
212.4035
237.0585
90.9286
367.5317
536.4817
78.118
406.5413
608.184
46.7103
196.2651
234.8859
61.0028
147.0949
417.6368
75.6705
307.3547
436.9115
90.3395
402.8426
348.3198
80.1414
157.3246
335.6455
60.7661
334.43
476.5975
77.255
392.9895
267.9351
65.1108
269.7888
515.7322
84.6132
150.4678
370.5053
57.394
201.4145
264.3686
68.3574
206.5958
428.2391
42.9503
180.9976
500.4144
75.2905
225.4466
468.4447
95.8923
180.8498
539.5347
53.0699
369.1661
428.5124
62.8339
337.6424
299.5105
46.2639
398.978
342.5965
69.3911
304.1725
612.8962
94.2411
346.9697
380.8473
51.4837
233.1975
521.7559
100.4495
332.158
392.2649
70.8769
159.8272
581.7552
104.6296
193.3467
583.4483
102.7192
407.5369
413.543
76.9082
256.4214
567.3704
83.0586
337.5645
403.1655
101.518
332.9937
473.8267
86.4532
144.2786
374.2274
76.103
236.6878
614.3743
95.8259
186.0537
406.6347
65.1815
262.8802
234.4053
62.6638
176.2638
587.0363
86.3647
287.3342
439.4833
55.5056
178.202
282.5179
69.355
326.9378
387.2096
93.425
235.0629
509.6935
80.5845
171.6356
569.6835
73.8746
361.5688
572.0899
44.5942
336.6619
555.0711
77.8283
375.3975
234.6241
77.9041
194.3135
489.9071
80.635
374.2689
440.0354
63.1744
400.7676
577.5186
61.376
332.3704
611.352
58.9223
343.8331
390.3796
71.8099
409.7518
542.8446
96.9217
282.0381
371.2832
101.1804
348.3931
268.4528
79.6871
300.09
463.9514
43.265
168.85
369.3522
42.1218
366.51
383.0925
44.0481
273.7025
407.1772
63.4944
210.1272
414.9616
100.3151
408.4864
590.4102
65.4003
161.1319
365.1808
94.2847
243.356
375.6061
88.2608
325.5221
404.9375
53.121
239.4306
368.4295
80.2183
219.0404
427.6893
102.7988
404.5975
448.9521
49.9918
342.0855
543.1784
91.3346
276.4965
355.2814
77.3801
326.5919
374.8842
60.8393
183.4832
378.3701
55.6139
153.5119
339.0258
52.1989
371.5691
371.796
87.6951
253.2917
321.8668
76.4477
326.6585
367.3904
79.1903
313.623
394.37
104.0601
290.8544
390.846
82.6897
320.7617
322.2018
80.457
301.1771
506.8377
77.2902
300.8435
284.6946
75.9991
240.7402
519.7537
72.0134
185.8853
279.6405
91.6194
318.2522
539.8488
74.0307
249.5515
460.7094
98.0382
357.6603
369.5106
104.934
196.2725
363.8635
59.1946
161.8305
392.3532
57.0611
355.9427
395.3718
66.1323
220.3514
592.0471
88.0661
363.184
330.919
81.082
201.8804
468.1288
45.5086
273.0501
616.8486
60.8987
313.8942
270.5403
103.2267
372.0562
457.7828
47.3265
391.2838
420.2968
76.6564
340.5588
277.7185
84.7956
205.9298
412.4989
98.0645
365.7667
385.216
42.5822
348.2231
568.8685
62.8713
398.0578
390.4655
81.2038
322.4395
528.1135
42.855
158.7816
301.845
84.8651
208.9541
271.7082
53.0536
305.3682
358.0654
80.6203
341.4823
267.1094
87.6078
235.325
572.1408
61.6761
394.8537
291.0241
62.6246
196.5887
419.2141
82.9195
154.278
565.0919
80.3793
179.7115
602.7234
47.3278
380.6361
590.2515
100.8261
169.5
509.5012
56.3905
298.0268
378.1211
91.4365
169.9818
518.1653
67.0563
369.6251
411.9416
94.8471
250.9675
306.5767
72.0064
171.8578
500.0047
75.6653
244.9826
504.2229
90.2494
200.9748
306.0183
56.05
205.9833
344.1137
103.1328
186.295
391.548
288.0225
497.9425
373.2416
438.4791
177.4575
596.8679
384.9454
263.995
299.621
282.3214
338.2202
438.8172
359.9856
301.3982
363.6646
442.6535
281.6517
391.6079
180.8822
235.6778
242.7648
537.022
317.4997
576.9259
211.7305
455.7411
184.7904
558.5935
350.4457
320.7097
251.484
323.9652
252.2093
374.9609
206.0351
250.2852
251.3079
282.0736
321.9953
248.4235
388.7431
564.9591
218.6268
261.9556
231.5803
255.5059
409.6625
578.3683
214.568
485.8149
500.709
309.3693
596.6909
516.7682
362.0057
586.4075
234.6429
524.8219
234.1569
165.9426
261.8429
143.6982
352.2567
232.9099
448.6378
220.7629
344.0383
556.7715
588.7694
534.5413
405.5687
603.688
454.4306
519.4556
490.9184
464.236
307.2309
249.0653
114.9734
221.9756
385.5546
485.3034
364.4799
277.6663
349.3048
256.787
374.2262
345.2605
288.4408
412.0707
493.6335
533.8756
243.6261
459.3908
500.5521
560.191
408.9564
500.9177
445.6928
234.761
473.767
295.9986
578.0805
285.9449
261.3232
265.0744
383.8711
286.7811
339.0059
272.7558
319.0226
582.6034
520.9488
445.9452
235.702
115.064
384.2696
231.3731
238.042
167.252
307.066
337.5366
241.9383
506.0329
579.2257
267.1051
241.0018
356.7938
601.8115
361.8241
450.5405
427.0933
502.3506
272.077
603.5582
428.3253
587.7556
375.4123
324.2063
312.0439
615.8606
585.8052
427.9237
44.6773
591.643
369.5947
491.6367
343.8861
366.1416
424.2768
251.8755
575.197
522.8594
363.6685
342.492
608.8461
430.0663
328.8869
259.8322
394.6829
408.8821
600.1089
581.7335
393.4787
437.333
277.1935
578.5739
375.2458
533.7296
564.9605
421.8028
429.0988
446.7147
608.2202
277.9296
603.8169
216.3461
431.5484
324.8431
598.5841
225.2551
599.2907
213.3278
525.7976
278.4749
578.3671
304.9799
270.3422
315.1467
351.1232
284.9518
245.328
208.175
289.7513
179.6208
476.9842
146.2143
243.666
220.8475
538.189
157.8804
290.6839
174.2493
357.9981
257.8855
363.905
315.3895
555.5084
223.001
457.8477
151.3321
297.4658
304.1366
487.623
277.7416
335.1861
125.4046
613.7754
147.6281
537.6154
327.7983
526.8417
270.9454
396.7095
314.0673
533.7036
282.5459
613.7524
238.5095
301.4267
123.4748
365.7744
128.7269
369.4862
125.2616
455.8629
169.9049
270.086
328.7188
585.8807
259.8767
492.6732
131.8066
267.9316
323.1235
355.7426
259.3528
428.8207
309.9349
237.6097
192.8371
604.7674
191.2225
607.011
199.0587
516.728
233.9247
483.1604
272.2961
65.1359
240.5813
237.406
50.561
461.1046
275.5033
99.8622
355.6438
292.6291
90.0426
256.4866
140.4071
42.8987
400.1749
274.5461
69.8528
390.1806
236.8158
98.4141
283.1435
246.6728
60.8408
423.2404
305.959
66.573
347.4098
123.7569
84.0343
493.3629
309.7701
66.5651
524.5202
132.2228
65.743
312.787
125.8215
82.6273
483.6306
196.5244
79.1959
259.9584
278.8155
55.4486
457.5653
326.2517
73.0325
567.9312
219.6802
62.1057
579.1445
224.7406
94.4203
590.9472
209.2577
76.4982
563.1767
426.0447
190.0909
62.9273
567.5756
421.5825
200.5103
54.3137
398.9315
609.8812
307.5353
94.9709
238.1628
417.1558
307.5722
95.7314
298.8683
336.8628
147.5073
61.7958
394.7742
430.3
264.7114
75.412
248.878
272.586
171.6828
69.8959
268.6004
447.3066
267.6334
89.123
614.5809
376.3749
214.0865
63.0939
490.4252
303.0021
318.5044
67.483
484.7265
282.1174
171.1057
76.2392
462.0427
460.1184
303.3532
47.3035
311.21
316.4609
296.1142
61.3527
261.4242
533.3247
207.1879
68.1647
534.9066
265.4111
323.7909
88.7301
350.7066
376.8402
129.6627
63.6113
238.271
373.1247
202.7192
103.2647
494.8282
607.2941
227.6324
69.106
344.4032
343.4418
322.3544
70.0028
543.3859
295.2521
144.4283
76.6267
275.0277
253.4481
201.9433
98.6925
462.0372
378.5763
215.193
78.545
438.5868
490.1123
222.4827
89.8378
542.5221
381.5374
197.11
103.1709
418.3975
597.7898
322.304
98.5194
518.1287
248.3468
182.8631
60.1031
444.5694
467.1376
134.3665
44.9947
237.177
428.526
167.1624
48.2693
424.1349
497.7309
150.8498
62.8379
429.8444
341.2824
143.672
94.2938
474.5892
526.4267
256.1268
82.1328
284.4084
420.8086
189.1769
68.5805
490.7912
473.2662
260.7068
95.979
517.7291
401.1733
249.3229
101.2457
583.9219
390.4589
322.2327
54.3237
421.5475
383.2223
215.7671
71.7896
496.9526
376.7421
221.1183
45.8814
441.9221
597.6567
318.0743
101.1414
409.8194
532.1577
217.9125
58.6521
496.8792
470.2071
257.1956
84.4663
281.255
458.0403
296.9759
74.3003
419.1009
371.5712
296.8636
98.8701
331.9762
583.7591
214.5553
70.4071
580.2243
338.5334
164.7435
70.8881
390.6763
420.507
142.8433
87.3558
466.0773
489.4329
318.6718
65.396
516.0226
428.178
311.1066
91.3637
344.9242
292.9009
296.8221
53.3281
424.6062
489.1295
156.4721
73.9217
542.5458
455.5316
252.1316
47.3411
329.5458
334.3686
226.4543
87.6532
593.728
565.9083
286.8261
61.3082
528.1928
469.4578
238.81
60.3538
252.4839
282.1492
288.3771
58.2827
237.1379
328.1825
145.8085
63.7243
609.0819
455.8942
135.7298
67.3159
481.4678
435.7727
183.5005
91.0579
593.7059
298.3981
196.1355
98.2663
237.9718
522.2224
264.0727
51.8938
328.3209
578.1493
230.4254
66.4878
405.7473
559.0
150.8755
77.3983
287.0678
338.1819
232.0619
81.0326
399.4033
298.1914
259.2068
48.9867
258.2629
377.9992
184.8027
79.7561
597.8113
265.8706
299.4403
50.4453
281.825
413.776
307.3148
78.4599
614.1023
363.2389
240.5832
57.5671
469.7052
289.2588
314.5721
48.9609
300.3603
367.8271
295.8495
93.0628
542.643
385.5303
191.3755
94.7213
538.2097
594.8028
185.3344
74.2576
395.3233
303.5576
286.8288
96.4277
579.2483
308.1761
248.3766
45.8366
416.759
351.1919
238.1081
94.6562
285.0223
376.447
231.6933
56.6501
388.4718
504.036
197.3598
46.5086
391.9948
293.9866
282.8749
89.341
474.7975
414.3503
265.0631
65.8578
533.7055
467.1959
284.3249
89.3051
255.388
307.9127
264.6932
67.5892
593.0724
461.2348
306.2307
92.2466
271.7367
406.5023
191.0218
82.9739
329.5325
467.8644
270.6514
87.3414
314.2978
439.4234
273.8889
72.0605
364.4731
328.6949
266.309
87.7673
262.5286
520.2389
268.7841
90.7238
427.1513
501.8839
327.1682
77.1161
576.9237
547.6304
315.0721
47.7546
434.0513
264.0755
187.3911
82.947
403.8704
364.0531
192.1979
67.1296
495.3792
408.1253
194.753
77.4936
541.8953
320.6035
241.7093
92.3464
251.144
557.9031
290.1044
51.2868
612.629
460.2683
270.4306
94.462
333.0242
467.2168
191.9665
54.2047
557.5622
457.4716
217.6255
56.2196
417.969
594.6505
268.8444
77.2113
591.4171
249.5887
240.483
54.4019
308.234
405.8589
161.3459
104.796
349.7092
242.8457
189.7644
85.2974
610.2996
610.6123
301.6894
53.8754
361.8225
453.77
146.9455
49.9155
446.8723
317.6345
199.6899
86.6688
267.6738
341.1133
243.6908
79.3384
455.9174
485.026
187.8062
99.8103
547.7889
412.9115
301.9961
73.3454
276.4227
244.8165
185.3366
42.7074
461.3659
278.1028
296.8343
50.1972
498.3421
351.9391
217.3494
87.9099
302.6496
546.8692
222.6411
86.2161
382.9193
527.6696
265.4329
69.9984
478.6904
376.6206
262.4764
88.5498
373.3386
543.3227
168.8518
82.2569
348.3135
557.2903
150.1973
101.2542
510.4053
431.75
140.1962
104.1385
240.8712
294.3577
169.4788
96.5837
517.7014
288.9309
245.1075
76.2883
594.1032
455.7685
311.0173
46.1237
522.4188
606.7002
131.1692
91.6331
289.1787
483.6685
134.7545
74.1535
324.8168
343.4062
136.5472
71.8015
569.7455
396.6204
287.456
70.3759
587.0054
376.0399
222.4656
77.8844
345.5587
253.7202
291.4811
44.9002
598.5016
540.1314
229.1053
89.2995
566.0146
271.7828
250.0801
67.1147
393.7591
390.4534
268.0088
53.2694
591.6638
286.5132
158.0552
94.8367
538.6202
506.3272
321.5798
78.1769
610.5269
408.332
240.1194
78.8757
275.3895
495.0727
231.7622
92.8077
495.7879
606.2733
228.7911
50.8969
556.978
283.896
281.4839
73.2441
534.189
496.1228
283.16
44.2214
595.3173
279.2573
151.9527
64.9189
358.2018
321.7139
327.3593
90.9504
390.9931
281.5122
270.3896
62.0935
553.7976
384.0499
201.0807
50.55
358.7966
585.3693
138.2851
74.7705
404.3926
481.6704
181.9689
48.7821
366.6443
366.4575
229.7646
98.8036
264.2915
255.4295
255.2301
53.6203
601.0643
423.045
75.383
592.0665
298.7038
66.6682
387.4007
246.1692
51.1704
585.7038
376.1002
65.4844
445.1566
374.0026
79.2654
268.015
488.0177
81.2652
557.9359
464.521
72.2164
572.4817
276.4867
92.1236
525.2097
260.7409
56.7698
517.1601
595.4825
84.7093
614.2199
533.7727
42.0435
385.1065
244.4871
99.4721
487.0083
393.516
78.755
517.942
394.3069
96.5304
541.2105
347.4568
44.7889
578.1811
414.8299
51.297
577.6254
297.526
69.3114
419.4236
344.3746
93.393
501.0983
574.4981
87.1491
482.9296
559.5518
70.8726
563.8037
573.114
76.5153
466.5392
484.8516
48.4422
366.3597
322.2072
100.1777
273.7465
330.5895
65.1439
302.7448
367.5506
68.8739
475.3622
616.6435
101.4727
505.5203
241.4005
57.2595
323.7506
527.7327
67.1013
277.3248
464.5417
48.7574
405.773
563.6019
69.4078
414.8238
475.7734
46.7135
389.2327
337.563
49.8695
557.7414
247.7667
64.873
304.7417
468.7091
82.7396
311.1264
455.0839
76.9999
406.2355
581.9667
92.323
236.6102
514.1995
53.8725
482.0581
321.8249
92.7892
352.9931
317.9136
101.8108
371.1351
370.3137
88.8872
276.5764
615.6884
86.5043
473.7385
590.9739
336.1187
272.1555
449.7617
552.9775
401.0092
342.4193
232.551
567.5811
379.2797
150.1937
402.5166
449.567
163.2938
534.2117
449.0042
96.1242
606.7682
339.972
171.6409
477.0346
438.0555
111.8915
460.7867
403.4081
187.4158
450.6971
296.8012
112.9177
373.5039
517.2011
197.7171
393.2841
274.8269
152.4277
612.1087
376.8158
215.5689
382.434
394.3702
209.1353
326.2653
252.1806
171.8793
308.9385
375.8759
204.4469
252.9064
349.7094
165.5813
261.3803
294.1623
104.2232
430.5098
411.3249
183.7893
365.812
431.0669
180.1545
284.2936
614.0497
194.2209
267.041
347.3715
220.8732
336.7979
197.1403
352.9801
100.301
439.067
129.4542
580.0499
224.9383
460.1289
121.8671
415.89
146.957
332.8994
164.6766
367.0826
123.5667
347.1042
96.7966
585.6312
95.4652
449.8788
173.5427
488.2796
196.2611
306.3612
233.325
109.6561
431.3768
190.8515
228.329
337.7496
292.881
127.0657
383.3626
308.0406
168.5906
329.7496
346.9368
208.4517
341.5272
147.3267
120.7074
322.4853
222.9196
136.8785
373.8449
144.4851
216.2109
326.225
288.5326
200.064
458.25
244.5486
157.9585
568.1031
348.7637
123.5135
509.771
268.4411
145.2435
351.8322
368.7552
137.6599
281.54
383.1621
237.0499
281.7372
350.4929
157.6671
447.8163
454.2852
282.4615
108.2219
395.6191
354.14
373.4196
117.0697
341.0649
335.8809
184.5533
190.4933
543.5423
503.3782
263.244
169.5326
566.0396
345.9491
387.928
184.5826
388.0763
501.1712
176.2289
217.9689
275.0218
355.3933
175.7588
180.4484
439.6237
600.1331
208.8714
146.6701
550.5054
572.2925
352.4089
215.468
519.1728
520.4539
361.1248
103.4413
454.693
343.4529
160.9745
196.616
320.678
461.9419
177.8526
167.0658
236.5143
241.7788
200.6165
145.207
533.9387
366.7812
276.3766
144.0682
441.0555
265.6938
185.0382
159.1712
597.7373
265.1112
262.9755
124.7449
316.0339
477.5918
282.4706
133.8317
355.7477
418.2818
204.1959
186.4298
537.7057
546.0483
372.5231
232.1516
344.4767
453.3915
289.833
101.9651
437.3443
497.274
198.2598
245.4199
517.2503
608.4632
359.4419
101.3454
304.1742
481.0388
242.8605
127.3462
368.0048
260.3623
227.2382
124.5035
286.3985
516.0486
279.2257
222.53
450.3973
493.3143
199.2476
209.2075
529.7064
509.5045
379.885
204.2775
404.4945
326.6258
171.5628
136.037
394.3971
558.3248
397.5686
182.73
572.0531
444.9656
246.0761
220.5361
180.5251
486.2609
549.426
251.3383
361.6142
108.1658
446.6394
319.6588
332.8129
264.3982
160.7201
245.5373
313.6981
404.8014
386.6561
144.8628
237.4514
279.1933
286.2638
203.3416
223.267
432.3791
511.9996
322.6679
393.0634
205.7163
539.6504
502.8425
321.9692
178.5458
106.028
335.4226
504.2571
229.3707
291.7246
218.9684
549.1878
431.2541
332.8787
164.2647
116.2952
388.8006
364.0129
390.0363
297.1547
154.2497
447.663
292.4187
359.323
209.1511
135.6068
405.2219
592.6459
170.3546
294.379
121.3457
356.7709
441.8681
319.9556
259.7178
97.7783
392.0755
394.7833
237.147
335.3752
215.3482
482.7756
322.1055
390.6583
168.2707
113.8381
537.4593
447.4971
284.8825
295.3701
201.9866
318.2678
270.288
205.8588
402.8621
163.933
361.4778
500.9433
273.163
181.2223
179.557
586.6077
492.0129
329.6215
147.2356
139.7499
488.0442
557.1684
409.699
153.7375
108.8065
309.8353
582.1768
192.1982
155.8576
106.3557
338.8234
558.1515
341.1838
320.5083
210.5948
344.0752
254.3395
205.5974
165.1111
182.7393
431.0183
364.0646
185.1155
161.3811
147.7409
517.7029
439.2725
180.4755
284.4247
235.2703
410.4598
348.2297
164.0459
365.7551
130.1191
521.1358
504.929
409.7831
247.0743
179.6633
397.544
405.8227
326.6892
228.6225
142.137
302.3979
409.3495
306.8056
301.8433
221.1358
234.9505
325.0772
200.0979
250.7636
175.9245
334.6706
355.4195
183.424
410.5858
201.9116
612.8907
572.3256
297.9964
402.2066
157.9574
391.4347
524.0287
404.6393
351.617
187.0808
604.8128
399.539
403.8384
284.5151
232.9156
252.3372
524.8599
163.9381
362.0297
163.4715
312.6221
447.9936
328.8525
312.4513
157.1478
444.346
451.2078
370.3583
328.5119
183.4078
497.4728
515.2002
289.5921
336.0106
135.4055
581.6212
369.9911
354.2973
245.6618
194.1434
456.0991
561.528
381.6094
246.8944
198.1081
311.8103
499.4515
195.6394
228.5347
200.9295
536.3711
195.0355
555.7689
377.4802
199.2523
380.4188
392.9943
375.6822
376.2485
165.9645
432.7957
248.8946
316.0481
333.7956
219.5393
396.7198
379.8752
262.165
201.6461
132.1759
279.8961
162.4742
427.9926
212.5927
215.0581
282.3133
158.2968
366.8894
246.6983
119.5472
505.7752
187.2228
434.8048
374.2386
122.0272
379.3465
355.1052
524.2264
240.609
184.5338
373.5316
253.8724
565.2923
198.8688
215.1128
508.2525
258.6929
355.6668
408.2796
178.4351
309.9942
151.1653
574.3327
282.342
112.5595
488.2926
214.7047
359.8661
371.3542
195.1524
568.2826
159.6259
608.9401
255.4529
240.9796
315.5971
179.1766
350.8496
333.687
211.7306
416.8884
195.327
249.5513
331.2209
228.7574
546.6635
212.167
520.8507
202.5991
213.9752
590.0925
193.9574
238.6004
188.7209
213.5784
306.4985
228.7063
273.2957
220.2608
232.1441
616.9539
407.8877
420.5147
385.8569
107.9395
604.8646
154.5013
280.5438
321.1874
168.5261
411.5802
213.9878
289.1312
268.9003
99.3326
466.2608
275.339
262.1073
200.0839
170.265
310.759
336.5236
245.3699
176.9172
243.2232
532.6152
369.7015
272.0783
400.7213
122.1097
610.0094
448.9125
215.554
182.9558
194.4098
572.7666
386.4107
349.2183
195.4706
150.2534
340.0207
376.6978
386.4202
391.828
222.7018
527.1731
370.1007
160.6236
308.5413
145.8492
362.96
291.7339
556.6901
188.4393
146.2928
516.1839
547.1156
239.4541
172.5318
131.2963
501.0395
278.1731
416.2705
147.0423
122.3234
569.3918
421.6224
354.1195
213.9596
176.5177
534.688
277.2128
296.006
399.8293
137.8836
564.0317
439.691
334.4289
150.0442
197.0757
480.9189
337.9813
151.8517
358.4546
166.435
510.0708
406.4055
591.6172
166.8882
106.3865
494.658
304.093
368.4251
257.085
234.0485
380.2563
393.0099
419.6332
407.7676
144.1415
380.5984
390.3506
238.1883
241.3031
198.0362
291.125
370.4777
178.1256
338.6056
116.3385
257.1864
363.8707
438.4914
255.7115
225.9785
616.2684
378.7539
385.4364
351.6483
131.4795
552.7947
202.9857
538.3507
334.6576
245.6289
608.3758
224.5769
475.2329
363.3864
159.2712
360.5673
301.4933
146.6815
350.5849
212.9462
305.9059
260.2476
365.0575
153.0145
239.7159
420.4881
308.846
310.6106
362.7339
183.1316
445.2699
165.9416
303.3717
175.0752
239.3326
321.4464
310.9698
250.5268
346.1082
146.0039
394.0183
399.6511
586.8611
340.9128
137.2973
295.5931
557.7117
294.254
395.7818
185.6625
414.5436
156.8027
433.7219
388.4151
137.8101
333.5768
388.4463
329.7896
336.9695
95.8763
335.8233
275.7815
295.3609
203.1523
174.6318
603.933
338.5922
469.337
365.1839
99.0849
330.7937
369.61
426.6382
227.0475
212.5159
554.4258
271.002
494.9494
398.8466
241.7654
443.3565
174.8087
499.4057
330.4158
149.5782
364.5774
395.5074
593.1312
156.6625
165.0404
586.0655
193.0163
292.0008
340.5799
164.2825
393.4024
159.3753
413.4225
206.8539
236.9916
244.2229
172.5517
298.5774
230.9663
100.8159
587.0196
327.2762
459.8622
236.13
143.7841
431.9464
218.7563
563.4632
401.974
133.71
254.7529
145.0186
574.2814
277.3478
171.3607
263.4706
378.2409
588.6377
375.0192
213.5295
437.5485
380.1601
508.2024
166.7276
186.4703
359.2445
281.6122
319.9205
381.737
195.5768
579.4072
176.429
524.5774
385.9116
242.8537
486.7313
364.9297
508.2653
153.7689
104.4867
462.5227
215.3735
340.3835
172.9869
202.6252
279.1427
308.3166
508.1628
177.0043
201.3504
370.2737
308.1405
454.9524
190.9078
192.6994
378.8186
402.062
440.0246
346.3514
142.9913
559.0739
386.4187
423.9727
154.8078
179.3752
278.7517
226.0559
501.7607
307.5825
246.008
524.656
207.1696
377.5846
295.9433
236.1
586.7428
400.0373
439.256
294.6924
244.3367
333.0517
155.8459
342.976
378.0851
200.5906
431.2306
240.1415
565.02
229.3761
99.8995
532.6132
317.5408
257.0776
355.909
203.8408
286.5787
288.5243
471.8303
327.2338
127.2875
528.7845
223.3263
277.4038
146.3262
226.435
318.1148
270.0169
240.3632
206.3539
133.6604
562.2017
247.4844
370.9457
265.9615
225.7257
285.8309
178.1299
559.7134
255.9489
437.4577
194.1203
408.88
325.2103
406.4389
400.4773
334.1757
208.2601
349.7235
186.8376
290.4984
267.771
454.4131
238.9812
538.7122
356.0078
335.8576
328.2022
525.5021
304.849
382.6117
336.8391
280.0359
371.7104
2.3
422.062
169.6682
299.7247
391.7604
2.9201
545.4358
400.2658
472.5784
176.4386
1.6798
306.1567
245.7459
278.552
362.6493
2.4186
501.2998
292.4203
314.4582
405.7841
1.0464
406.8102
360.1738
486.6855
196.0964
2.1059
374.7217
314.8395
501.9174
335.0767
1.3355
600.376
344.5731
357.8509
267.8277
2.2313
272.6406
164.2285
450.9157
167.4391
2.6099
554.1284
363.7327
534.9922
407.3625
1.171
284.4161
272.4604
595.1309
229.7867
2.0594
492.2628
379.6095
572.2708
166.0127
1.4282
481.829
198.576
470.9583
168.8282
2.0007
429.8953
151.3286
467.0659
156.8834
1.6332
536.081
236.7843
249.511
291.0651
1.8774
556.063
307.1829
276.9746
178.8726
2.543
483.7946
344.4623
353.6201
222.792
2.2601
467.7239
200.6332
502.8118
288.6714
1.0417
344.0131
410.1547
308.8342
250.0962
2.8464
318.7568
322.3085
556.6101
264.7637
2.1404
501.2009
253.5744
275.4198
246.8583
2.4607
436.9614
156.0055
293.6198
411.4264
2.9771
556.2432
161.6023
282.3612
210.7516
1.0547
558.0585
322.689
395.309
218.7294
2.8167
475.4461
352.2871
610.3604
263.2425
1.7066
591.6896
168.4918
454.3637
238.5356
1.051
590.5367
170.8456
259.8372
381.5904
2.6218
238.4172
176.7146
506.6877
208.5008
1.199
449.6628
233.6625
397.9292
398.8477
1.1328
521.7247
359.8261
265.4022
392.0739
2.9064
349.3932
284.2904
528.4918
271.8595
1.6986
341.0162
259.4631
269.8467
238.4965
1.946
568.7177
265.45
407.098
349.2641
1.9057
301.6169
286.43
353.578
258.8035
2.2175
603.0469
319.03
424.0388
299.4928
362.7227
264.7271
251.3703
377.1054
208.5555
250.5701
350.1621
300.0697
174.8987
235.5067
167.7338
368.2072
408.1405
300.4448
379.2003
152.4389
320.7482
371.3601
375.3575
391.9978
214.7597
212.7364
348.0368
301.7612
197.4307
146.9586
255.7806
279.3231
220.3629
203.9523
171.2947
353.5555
406.7316
351.0608
316.9899
361.1758
410.6496
311.9773
227.9037
325.7179
378.245
335.4977
386.4015
200.3212
215.7023
183.9339
270.2834
321.8854
291.3046
265.2265
225.2814
373.4023
214.4369
236.1212
262.4108
371.6616
280.5511
324.22
390.2445
213.0398
387.2606
194.2958
201.9115
348.7193
161.0286
154.9552
162.4733
298.4424
330.3282
201.5602
336.3159
212.7978
295.6986
268.2685
152.2966
326.0432
211.7876
368.1259
302.6203
352.6079
275.2645
259.343
369.769
210.6788
245.4051
332.2156
342.2953
265.6622
187.1949
256.5918
162.8916
274.8239
275.9604
200.37
306.8791
310.0453
205.8385
305.2049
328.1151
202.4008
333.803
282.4262
276.2996
342.1397
198.5195
226.1247
260.7649
252.6765
402.9597
319.4311
247.064
377.3234
305.5052
146.2154
232.03
256.7642
394.185
309.7579
166.4561
169.6545
302.7359
354.3916
186.1553
294.2445
309.343
281.6895
315.8844
301.5582
179.2078
277.473
186.4787
314.423
382.5141
179.7352
237.518
205.5328
407.8997
188.53
201.9534
321.7374
246.2145
294.9458
361.3551
398.8885
188.1342
215.4852
208.7953
399.8334
258.1213
324.4943
372.8607
199.5371
312.2636
396.7378
308.8973
183.8209
150.6922
304.785
220.3167
213.8458
224.5713
237.5759
365.651
405.2297
149.0713
297.3592
348.0248
194.5724
347.2797
308.1413
332.8147
357.1782
389.6716
329.8626
220.5013
353.8968
179.555
182.7148
375.0709
202.2714
166.8244
285.3382
62.7526
147.7805
94.036
295.6403
75.868
277.9533
88.6718
232.583
45.0742
388.7821
102.4664
238.9957
326.2507
509.6852
73.2054
226.456
527.2279
64.3439
364.1105
439.0364
79.6219
308.5826
415.2097
67.204
295.5316
228.726
489.3852
61.2615
398.2587
287.4428
365.6207
73.4444
350.4295
304.6341
336.2255
87.1881
270.7069
237.995
420.1023
76.1583
322.3731
127.1228
313.8097
98.6306
318.7348
178.3019
533.4963
61.2417
146.965
257.5066
325.0917
43.1681
350.7319
305.0772
551.5335
49.7107
233.6654
187.5138
274.1175
68.2944
308.3484
225.9815
604.2692
69.9574
188.4097
144.1319
586.0074
92.5349
314.2057
525.1383
70.5833
259.3661
437.4866
48.4373
570.2648
92.9954
318.6332
63.347
323.3655
85.111
501.412
83.9602
526.1517
56.9334
494.683
61.0013
267.0662
89.4185
574.5058
95.5627
596.7384
90.9178
539.7582
77.3081
357.3709
96.2136
409.1596
94.5459
274.509
70.7456
397.4576
94.8914
479.9136
102.1304
498.1078
72.3994
239.9968
79.9112
272.4376
60.3096
253.6189
51.9024
448.0443
103.891
393.97
85.5177
470.0252
80.3241
266.7841
97.0867
484.5861
53.0886
481.2495
71.3719
277.6063
79.9657
486.6893
70.3069
422.8784
84.4811
345.3882
70.3692
610.9574
69.4403
589.8419
81.9944
491.8823
47.1174
396.1936
58.0246
307.4382
103.6673
544.7096
67.3596
453.1398
99.4303
286.823
62.7543
555.7142
104.9941
257.5481
96.0725
444.5575
44.1642
403.9329
45.2632
258.4255
50.3787
251.6795
59.8847
564.5034
87.5741
529.1125
60.145
455.9717
95.0848
467.3262
78.1706
520.2587
82.8142
466.5812
94.5492
416.3291
94.6806
492.8549
79.1217
377.6183
66.1834
250.8817
65.5211
263.57
81.886
421.0384
54.0713
480.1821
59.6465
325.0487
95.3699
601.5
57.5596
470.689
104.182
234.6315
89.7991
260.483
66.1703
408.583
53.8701
290.7687
44.4761
533.0322
66.1925
430.5128
53.2541
321.0714
57.4433
491.8336
46.9388
507.9577
59.6891
421.3712
103.2956
516.0086
89.0292
236.4155
103.175
476.9766
88.2645
316.0717
43.3474
502.523
58.9815
518.6982
71.851
431.7947
45.4246
358.4113
85.9322
565.5806
104.5918
262.5926
75.8995
375.0976
44.1565
345.0818
50.0452
489.1149
52.0736
422.0673
85.221
477.8851
79.0793
572.6205
73.673
473.2011
63.736
340.3387
56.3595
274.8397
67.2155
516.6792
102.1849
446.6937
73.6426
594.2773
63.3853
424.0247
83.5481
325.8438
51.7015
583.4944
103.7982
602.1354
58.9633
311.9523
56.2837
349.9838
42.2962
564.3694
103.6542
433.4511
54.3392
583.8162
92.4879
529.8624
48.6351
583.9823
50.4788
269.7345
73.7219
241.4304
100.5123
421.488
95.4109
304.5633
55.8826
252.2918
73.2951
261.1692
100.3796
341.437
61.6757
479.3795
50.5432
485.2925
93.8361
501.949
46.0463
385.1286
63.9297
574.927
83.9226
291.9348
49.6742
515.0466
78.21
293.7832
72.569
370.5109
86.5191
513.3153
84.4679
409.2959
63.0797
560.542
78.0497
587.6324
99.9473
479.3585
46.032
318.9569
60.2764
282.9819
59.8731
378.35
42.8899
526.9105
50.195
564.2989
102.7831
387.0032
98.2482
321.5333
49.7121
353.854
87.417
477.6921
81.6111
260.8223
102.0351
521.6777
103.2844
445.8483
43.6491
474.7496
102.6011
445.5489
91.3272
352.6972
93.3047
503.0521
73.6636
555.8129
60.5272
378.5791
98.7762
356.8633
61.1627
379.9314
83.8377
391.8242
89.4213
580.7834
92.5151
393.8092
93.1415
338.0111
58.1182
499.3786
98.7862
390.2226
87.286
486.2654
95.4971
571.1734
78.65
275.4987
86.115
441.8684
59.1272
563.9462
78.7098
441.8607
42.2986
248.4243
96.8857
421.5633
50.725
381.7546
81.9508
260.2855
98.0453
293.4617
104.9478
336.1966
51.2858
601.2227
81.5561
491.5065
73.9879
595.6832
101.9691
615.8296
69.5352
374.8574
54.0513
264.9722
84.426
364.0224
70.3622
289.2487
78.1972
273.8073
65.0205
603.8919
50.2611
504.0557
96.8556
613.1786
91.0608
345.0205
81.8609
269.5353
102.6938
466.5151
80.631
566.1339
82.4889
414.8105
43.2177
553.3194
75.9458
266.3241
614.6018
587.6417
336.7392
276.4972
236.7771
149.2249
228.6841
209.0629
159.2952
266.9906
285.8392
269.6444
302.0575
298.1006
271.3921
231.6255
190.3066
283.0143
205.5289
129.0598
264.5047
179.1881
295.8506
130.8014
214.0964
311.3673
124.5058
234.7924
125.2631
181.1201
185.8172
124.0926
219.67
270.6135
315.3993
317.6528
317.2052
145.632
263.7684
186.8284
155.7108
170.838
251.4455
150.6361
258.7069
142.2744
166.55
324.7534
158.1064
296.1101
185.8874
259.2589
254.9234
264.6263
244.5274
280.116
210.9731
202.4465
310.8756
211.3978
154.5641
272.0076
128.2362
319.2554
271.1823
239.2739
173.8683
254.627
324.1681
312.6926
230.5326
217.6902
238.3849
238.392
205.532
327.0562
201.8799
256.6221
210.2433
150.706
182.5374
314.4365
209.1417
149.6688
198.7243
315.6171
165.3167
193.4432
210.9271
274.8415
167.4814
194.1594
149.3821
273.0911
229.4727
284.485
180.6972
317.3031
277.2445
230.2718
286.4656
207.2632
220.3531
240.9454
286.8726
130.7417
210.9341
190.637
206.2936
235.871
163.1724
237.057
259.885
313.7654
284.2634
263.1111
152.167
312.3835
247.8677
304.2587
262.5985
136.6324
203.0562
210.6131
289.1444
279.7141
219.7494
294.784
190.8349
298.7142
127.6471
184.4626
236.3172
181.433
263.6516
308.7484
261.3991
175.4583
140.7822
147.2182
298.585
212.4808
291.5824
142.7377
209.6042
266.8513
179.0191
171.0149
277.9311
309.3808
311.8742
231.8958
186.2975
165.3818
221.6277
169.4023
190.1979
203.9524
231.8341
171.5123
264.3856
283.5028
324.9901
298.6822
209.3623
146.5234
123.8946
174.1109
202.8593
130.5954
296.5015
174.7469
251.311
238.6435
131.2637
312.0368
292.32
143.431
243.9703
201.4166
227.1158
229.2967
219.0752
223.5448
192.0041
272.1345
146.5185
272.2778
141.8094
186.6145
183.0395
312.3874
290.3091
265.647
300.9822
172.0208
244.6603
191.0885
327.5934
320.9023
232.8185
214.6892
171.812
235.2776
200.9484
286.2838
1.0839
2.1939
1.9476
1.9164
1.2877
2.9139
2.0142
1.5379
2.3126
1.9004
2.3726
2.0389
2.4558
2.8225
2.9555
1.384
2.7649
2.18
1.7408
1.8453
2.4721
1.7434
1.5005
2.9412
2.764
1.0742
1.1757
1.9514
1.9261
2.688
2.091
1.148
2.8802
2.8573
1.7512
2.7197
2.9447
1.1417
1.3631
1.9148
2.7065
2.8559
2.8672
1.1613
2.1782
2.0345
2.762
1.5295
1.4352
1.8817
2.6708
1.3008
2.478
2.8429
2.2542
1.6189
2.7894
2.1106
1.0573
2.3858
2.2888
1.2091
2.8695
1.4345
1.8426
2.6514
2.2215
1.8169
1.9254
2.5673
1.9534
2.0428
2.3966
2.3874
1.0629
2.6069
2.8496
1.1709
2.5472
2.6377
1.4975
2.6612
1.447
1.0066
1.0544
1.6565
1.8052
2.7317
2.0
3.0
3.0
1.0
1.0
2.0
3.0
3.0
3.0
3.0
1.0
1.0
3.0
1.0
1.0
1.0
1.0
3.0
2.0
2.0
3.0
3.0
3.0
3.0
2.0
2.0
1.0
3.0
1.0
1.0
1.0
2.0
1.0
2.0
2.0
1.0
1.0
3.0
2.0
2.0
1.0
3.0
2.0
1.0
3.0
3.0
1.0
1.0
1.0
1.0
2.0
2.0
3.0
1.0
3.0
1.0
3.0
1.0
1.0
2.0
1.0
2.0
2.0
1.0
3.0
2.0
3.0
3.0
1.0
1.0
3.0
1.0
2.0
1.0
3.0
1.0
3.0
3.0
1.0
2.0
1.0
1.0
1.0
3.0
2.0
1.0
2.0
1.0
1.0
2.0
3.0
3.0
1.0
2.0
1.0
1.0
1.0
2.0
1.0
3.0
1.0
3.0
3.0
1.0
1.0
3.0
3.0
3.0
2.0
2.0
1.0
2.0
3.0
2.0
3.0
2.0
3.0
2.0
1.0
1.0
2.0
3.0
2.0
2.0
2.0
2.0
2.0
3.0
1.0
2.0
3.0
3.0
3.0
2.0
2.0
3.0
1.0
2.0
2.0
1.0
3.0
2.0
2.0
3.0
3.0
3.0
1.0
3.0
3.0
3.0
2.0
2.0
2.0
3.0
1.0
3.0
1.0
2.0
1.0
2.0
2.0
1.0
1.0
3.0
3.0
3.0
1.0
3.0
1.0
3.0
2.0
3.0
3.0
1.0
1.0
1.0
3.0
3.0
2.0
1.0
1.0
1.0
2.0
3.0
2.0
2.0
1.0
1.0
3.0
3.0
1.0
1.0
2.0
2.0
3.0
1.0
2.0
1.0
2.0
3.0
3.0
1.0
3.0
2.0
2.0
1.0
3.0
1.0
2.0
2.0
1.0
3.0
3.0
1.0
1.0
3.0
2.0
2.0
1.0
2.0
1.0
1.0
1.0
3.0
2.0
2.0
3.0
1.0
3.0
2.0
2.0
1.0
2.0
1.0
1.0
2.0
2.0
2.0
2.0
2.0
2.0
1.0
2.0
1.0
2.0
2.0
3.0
3.0
3.0
1.0
2.0
2.0
3.0
2.0
1.0
1.0
3.0
3.0
3.0
1.0
2.0
3.0
1.0
1.0
2.0
3.0
3.0
2.0
3.0
3.0
3.0
1.0
2.0
2.0
1.0
3.0
1.0
2.0
3.0
1.0
2.0
3.0
2.0
3.0
3.0
2.0
2.0
2.0
2.0
3.0
1.0
1.0
1.0
1.0
3.0
3.0
3.0
2.0
1.0
3.0
2.0
3.0
3.0
1.0
1.0
3.0
3.0
3.0
2.0
3.0
1.0
2.0
3.0
3.0
2.0
1.0
2.0
3.0
2.0
2.0
3.0
1.0
3.0
3.0
1.0
2.0
2.0
2.0
2.0
2.0
3.0
3.0
3.0
1.0
2.0
3.0
2.0
3.0
2.0
3.0
2.0
1.0
3.0
1.0
1.0
2.0
3.0
3.0
3.0
2.0
300.0
263.0
240.0
238.0
338.0
326.0
293.0
368.0
333.0
349.0
300.0
333.0
277.0
371.0
263.0
333.0
338.0
253.0
253.0
276.0
279.0
312.0
259.0
245.0
322.0
349.0
361.0
366.0
340.0
375.0
348.0
320.0
365.0
382.0
379.0
345.0
300.0
328.0
374.0
242.0
252.0
378.0
266.0
378.0
279.0
380.0
253.0
367.0
281.0
286.0
348.0
372.0
284.0
366.0
267.0
256.0
358.0
308.0
276.0
299.0
286.0
63.0
245.0
43.0
372.0
58.0
345.0
54.0
364.0
63.0
252.0
56.0
343.0
43.0
298.0
53.0
271.0
54.0
245.0
45.0
265.0
44.0
277.0
48.0
378.0
61.0
350.0
53.0
304.0
57.0
338.0
43.0
332.0
48.0
320.0
53.0
281.0
54.0
328.0
43.0
360.0
54.0
336.0
56.0
331.0
49.0
377.0
49.0
316.0
53.0
234.0
52.0
258.0
62.0
336.0
46.0
358.0
53.0
257.0
60.0
342.0
59.0
349.0
57.0
337.0
49.0
373.0
43.0
332.0
43.0
346.0
58.0
336.0
44.0
303.0
47.0
380.0
55.0
261.0
61.0
324.0
58.0
264.0
47.0
299.0
43.0
370.0
46.0
296.0
61.0
362.0
46.0
240.0
44.0
349.0
48.0
371.0
51.0
305.0
45.0
336.0
44.0
305.0
49.0
268.0
63.0
351.0
58.0
293.0
53.0
284.0
46.0
275.0
58.0
247.0
61.0
264.0
61.0
237.0
61.0
360.0
47.0
305.0
61.0
296.0
50.0
268.0
62.0
338.0
42.0
320.0
60.0
307.0
45.0
345.0
62.0
360.0
47.0
277.0
54.0
307.0
49.0
313.0
51.0
383.0
59.0
281.0
57.0
306.0
49.0
291.0
61.0
265.0
47.0
372.0
63.0
329.0
43.0
313.0
51.0
347.0
52.0
325.0
47.0
250.0
58.0
325.0
62.0
234.0
47.0
275.0
43.0
248.0
50.0
321.0
56.0
275.0
48.0
318.0
43.0
352.0
49.0
374.0
54.0
374.0
52.0
379.0
54.0
275.0
46.0
377.0
59.0
367.0
43.0
279.0
49.0
341.0
58.0
276.0
46.0
288.0
58.0
323.0
60.0
356.0
44.0
352.0
48.0
259.0
44.0
266.0
51.0
255.0
56.0
333.0
46.0
356.0
45.0
269.0
62.0
261.0
60.0
381.0
48.0
370.0
60.0
291.0
51.0
313.0
54.0
331.0
44.0
257.0
55.0
264.0
60.0
266.0
54.0
258.0
61.0
256.0
54.0
336.0
59.0
267.0
56.0
270.0
55.0
282.0
50.0
354.0
63.0
301.0
49.0
244.0
57.0
354.0
45.0
320.0
56.0
273.0
54.0
332.0
53.0
352.0
49.0
332.0
59.0
260.0
54.0
311.0
46.0
282.0
51.0
369.0
45.0
341.0
61.0
276.0
58.0
278.0
60.0
376.0
51.0
335.0
58.0
348.0
63.0
297.0
63.0
237.0
56.0
286.0
46.0
12.0
13.0
15.0
13.0
3.0
7.0
14.0
3.0
16.0
8.0
2.0
16.0
16.0
3.0
16.0
16.0
9.0
2.0
14.0
6.0
16.0
13.0
15.0
14.0
4.0
11.0
16.0
8.0
3.0
8.0
6.0
8.0
6.0
8.0
10.0
8.0
16.0
11.0
12.0
6.0
7.0
14.0
5.0
5.0
7.0
11.0
16.0
2.0
5.0
6.0
10.0
2.0
7.0
13.0
9.0
10.0
3.0
4.0
11.0
10.0
10.0
2.0
10.0
5.0
15.0
13.0
4.0
13.0
15.0
7.0
9.0
8.0
8.0
15.0
10.0
1.0
3.0
16.0
4.0
5.0
1.0
1.0
6.0
10.0
2.0
1.0
16.0
9.0
5.0
4.0
10.0
5.0
14.0
2.0
13.0
13.0
9.0
16.0
16.0
3.0
5.0
15.0
7.0
14.0
13.0
2.0
11.0
15.0
4.0
8.0
7.0
7.0
10.0
1.0
12.0
12.0
7.0
8.0
12.0
11.0
11.0
11.0
3.0
14.0
16.0
5.0
2.0
15.0
1.0
15.0
13.0
4.0
16.0
11.0
11.0
12.0
6.0
16.0
6.0
15.0
14.0
11.0
5.0
12.0
5.0
5.0
1.0
13.0
6.0
1.0
1.0
6.0
5.0
3.0
5.0
6.0
7.0
13.0
10.0
2.0
6.0
12.0
8.0
6.0
11.0
15.0
9.0
1.0
5.0
6.0
8.0
7.0
16.0
10.0
15.0
3.0
12.0
1.0
1.0
3.0
1.0
8.0
10.0
12.0
16.0
4.0
12.0
1.0
5.0
15.0
4.0
9.0
7.0
12.0
9.0
15.0
13.0
6.0
6.0
6.0
9.0
14.0
5.0
15.0
12.0
15.0
3.0
8.0
9.0
3.0
11.0
1.0
1.0
5.0
7.0
8.0
7.0
5.0
3.0
1.0
12.0
7.0
9.0
16.0
16.0
11.0
13.0
1.0
7.0
10.0
8.0
1.0
11.0
1.0
9.0
6.0
8.0
13.0
1.0
9.0
4.0
1.0
15.0
3.0
12.0
15.0
9.0
8.0
1.0
7.0
6.0
15.0
3.0
12.0
12.0
16.0
16.0
4.0
5.0
16.0
4.0
8.0
7.0
5.0
12.0
2.0
5.0
3.0
9.0
14.0
2.0
12.0
11.0
16.0
12.0
14.0
10.0
7.0
13.0
15.0
8.0
10.0
9.0
16.0
8.0
15.0
1.0
4.0
14.0
13.0
9.0
10.0
12.0
10.0
8.0
10.0
12.0
14.0
13.0
5.0
14.0
6.0
15.0
13.0
15.0
6.0
13.0
14.0
4.0
13.0
10.0
11.0
4.0
12.0
6.0
14.0
10.0
6.0
3.0
5.0
6.0
4.0
12.0
12.0
4.0
16.0
11.0
11.0
2.0
6.0
7.0
5.0
13.0
3.0
13.0
6.0
7.0
13.0
8.0
14.0
3.0
14.0
5.0
16.0
9.0
7.0
3.0
16.0
16.0
4.0
9.0
2.0
6.0
8.0
4.0
11.0
10.0
10.0
5.0
12.0
5.0
7.0
14.0
7.0
12.0
9.0
14.0
12.0
2.0
5.0
10.0
15.0
10.0
3.0
2.0
16.0
14.0
16.0
5.0
4.0
11.0
11.0
2.0
11.0
7.0
2.0
15.0
7.0
13.0
10.0
9.0
13.0
6.0
12.0
8.0
7.0
12.0
16.0
3.0
11.0
4.0
7.0
16.0
5.0
7.0
8.0
12.0
4.0
14.0
6.0
4.0
15.0
5.0
13.0
11.0
4.0
12.0
15.0
15.0
3.0
8.0
8.0
5.0
16.0
3.0
14.0
10.0
6.0
6.0
14.0
10.0
16.0
11.0
14.0
13.0
6.0
2.0
3.0
16.0
10.0
1.0
9.0
2.0
3.0
4.0
14.0
16.0
13.0
12.0
9.0
12.0
8.0
12.0
4.0
8.0
10.0
9.0
10.0
12.0
13.0
4.0
14.0
5.0
1.0
1.0
10.0
16.0
12.0
16.0
8.0
12.0
16.0
3.0
16.0
2.0
13.0
11.0
1.0
2.0
4.0
9.0
10.0
1.0
12.0
12.0
2.0
7.0
8.0
13.0
15.0
7.0
6.0
5.0
3.0
10.0
10.0
15.0
14.0
9.0
5.0
1.0
1.0
2.0
1.0
1.0
2.0
6.0
12.0
12.0
13.0
6.0
8.0
16.0
2.0
16.0
6.0
14.0
4.0
9.0
2.0
7.0
8.0
4.0
10.0
9.0
11.0
6.0
8.0
8.0
2.0
5.0
16.0
1.0
13.0
13.0
6.0
10.0
15.0
6.0
6.0
6.0
9.0
2.0
2.0
6.0
16.0
4.0
16.0
2.0
14.0
5.0
11.0
2.0
15.0
3.0
1.0
15.0
9.0
10.0
13.0
12.0
7.0
15.0
6.0
2.0
4.0
15.0
9.0
12.0
2.0
5.0
14.0
16.0
11.0
9.0
13.0
7.0
12.0
11.0
11.0
7.0
1.0
13.0
10.0
11.0
11.0
4.0
2.0
10.0
6.0
9.0
1.0
6.0
7.0
13.0
14.0
9.0
4.0
5.0
8.0
12.0
10.0
11.0
9.0
202.0
12.0
14.0
1.0
165.0
1.0
1.0
2.0
168.0
7.0
3.0
10.0
205.0
5.0
6.0
6.0
144.0
12.0
7.0
13.0
202.0
8.0
2.0
16.0
181.0
15.0
15.0
15.0
194.0
12.0
10.0
9.0
205.0
12.0
3.0
16.0
126.0
5.0
15.0
195.0
10.0
14.0
143.0
15.0
5.0
131.0
1.0
1.0
142.0
13.0
188.0
3.0
15.0
116.0
141.0
115.0
100.0
135.0
122.0
149.0
119.0
138.0
109.0
107.0
145.0
127.0
142.0
129.0
108.0
126.0
107.0
143.0
95.0
117.0
135.0
313.0
124.0
238.0
121.0
146.0
109.0
133.0
276.0
120.0
281.0
127.0
273.0
139.0
352.0
140.0
274.0
96.0
329.0
142.0
243.0
114.0
285.0
107.0
292.0
128.0
383.0
144.0
378.0
113.0
248.0
118.0
334.0
150.0
262.0
110.0
382.0
130.0
350.0
121.0
303.0
124.0
369.0
134.0
304.0
119.0
305.0
126.0
286.0
117.0
284.0
145.0
278.0
118.0
256.0
112.0
298.0
144.0
361.0
122.0
370.0
109.0
241.0
130.0
267.0
43.0
151.0
274.0
62.0
119.0
273.0
44.0
112.0
354.0
151.0
279.0
56.0
62.0
60.0
48.0
47.0
9.0
8.0
5.0
7.0
2.0
1.0
8.0
11.0
3.0
3.0
12.0
10.0
15.0
12.0
5.0
12.0
1.0
12.0
248.0
258.0
159.0
203.0
268.0
162.0
192.0
174.0
157.0
2.0
3.0
13.0
3.0
6.0
6.0
6.0
5.0
7.0
8.0
6.0
15.0
16.0
1.0
8.0
4.0
2.0
4.0
14.0
12.0
6.0
7.0
5.0
12.0
16.0
1.0
4.0
12.0
15.0
8.0
5.0
