492.9624
512.5761
490.3786
249.0235
187.1154
241.7111
98.6242
201.3835
114.4611
98.7348
128.2658
123.4953
132.5582
174.0757
164.1632
128.5874
155.9679
116.9112
226.6681
206.571
158.805
190.6937
219.8358
190.9896
108.7435
173.6579
117.4632
101.0454
202.3953
161.3726
163.8263
153.7775
179.5367
129.3402
186.0995
163.423
341.5397
478.5238
411.657
177.8856
237.5047
115.312
474.5982
424.1095
480.3809
263.2084
158.6982
297.4332
173.0888
264.569
220.8761
179.4865
269.6398
79.9406
82.4168
63.0245
89.6132
65.3816
82.359
95.3132
72.5303
89.4235
49.1108
90.7057
93.4972
46.7819
74.3799
73.6231
94.447
44.8661
86.6538
73.5256
60.3438
67.7119
99.8977
86.1594
72.9752
60.5282
82.0963
57.4344
45.2133
58.1964
69.2909
59.1004
60.5391
67.96
87.3337
84.5213
57.9514
83.6045
271.3189
188.0058
175.0543
225.5135
180.1574
167.8236
98.6303
131.4888
227.4515
231.7169
220.5627
101.5684
73.2761
62.1328
85.5498
64.1165
58.3154
48.2667
95.8433
219.0687
210.9514
232.3819
48.7616
42.6526
61.232
103.5079
104.5615
352.8966
86.8967
281.9606
85.6275
180.4248
63.4636
367.0827
379.0073
383.5362
211.8371
363.5295
50.7882
86.6255
94.462
65.6911
42.9986
54.4637
86.8516
48.3173
298.0399
238.5892
357.9319
149.469
216.6125
292.5058
392.3466
211.6264
406.594
202.8898
317.2311
217.4542
183.396
93.7834
194.9975
83.5977
280.5428
81.0908
264.608
59.2829
377.7854
392.5348
158.1814
403.6266
357.0884
303.5537
357.2479
353.4487
146.3945
52.6773
57.8864
97.305
94.6339
54.5972
74.6453
58.0418
84.2213
484.5509
413.844
432.0544
349.8471
407.1352
220.8719
347.0955
200.8504
443.4877
234.2179
584.0078
476.847
280.3769
455.6001
455.0703
355.8832
351.3712
442.8312
381.0534
503.8244
437.1793
269.8956
364.3265
285.6542
283.8798
236.1594
232.1792
299.9671
225.9315
252.9101
326.9828
228.0668
321.5178
253.8224
373.5992
245.9874
345.303
162.932
246.7177
147.557
193.548
167.2591
205.6322
155.2389
155.8163
243.4984
230.5214
151.3143
161.9026
241.1219
117.5117
280.0836
246.5551
242.0399
242.9135
163.9291
287.6253
258.8596
176.3988
195.5215
240.1022
214.7145
183.7264
231.1972
221.4297
296.6374
298.0717
257.6535
294.3837
289.5933
298.3146
289.7745
211.441
247.9682
270.328
167.6014
174.8716
68.6652
197.812
65.4979
190.4758
47.8381
269.4274
74.8874
277.9812
56.2216
204.6736
66.6719
226.891
53.5008
222.326
63.03
173.0458
62.9434
174.3074
86.5395
276.3112
104.719
328.6201
75.3307
327.6479
90.7317
321.3967
55.0088
170.3504
71.9115
132.253
66.2327
209.4549
69.3772
140.9362
74.3485
271.2245
91.1948
292.7605
100.339
223.2085
48.6113
217.5054
47.5475
182.6542
45.6413
133.3285
54.1862
161.0152
80.7296
88.5104
308.5993
98.0658
49.0366
283.0758
70.6571
89.2202
159.7099
73.7588
42.8115
186.1037
87.3309
95.4657
208.5181
86.3341
62.3701
146.1163
79.4183
57.5467
157.837
96.5107
75.2828
305.4501
44.1084
79.4211
274.3975
69.5757
93.4703
155.1583
98.5954
92.9023
158.1552
96.6451
63.3873
168.3317
85.5499
46.2185
290.3369
101.2036
67.9961
187.2726
104.4587
74.8213
206.8518
70.2666
43.408
199.9181
82.8067
46.5982
220.0628
96.8079
61.7853
210.6885
80.3254
87.5657
236.6022
94.0456
101.9768
184.028
99.935
70.6927
273.9101
78.7889
58.3824
181.3099
100.5706
71.7417
327.488
81.3117
100.7354
179.4934
46.7998
89.9033
300.482
71.1416
93.8302
300.9518
94.0139
72.5431
181.1432
66.7286
97.7225
148.2304
65.0036
77.5868
249.9654
82.1909
88.5872
307.1475
74.9189
104.9237
198.8568
79.2277
80.2252
286.6209
48.953
44.7257
211.5774
61.8297
68.1852
223.8784
70.5925
57.7484
219.8586
64.6262
96.5833
189.3041
58.9266
79.5098
227.1207
50.5604
103.9896
316.0784
61.325
74.7235
267.5128
83.104
63.1838
175.9812
59.7578
80.5041
134.1235
60.3895
77.1756
308.2642
75.1565
101.6584
286.6479
77.4672
50.6354
129.3338
80.4957
85.8283
155.5406
62.3781
77.7848
245.143
91.7101
77.3578
232.7493
98.872
104.8596
307.659
79.1567
100.5249
326.4933
93.3966
61.4738
273.5487
55.0784
56.1961
277.2393
65.4365
60.5883
201.3201
72.4315
104.0407
196.0226
69.387
48.3192
178.559
59.5032
70.1754
326.5737
97.9154
72.5043
205.6179
97.9588
53.4979
293.3345
42.181
84.7921
176.1451
94.3357
58.0162
164.3796
98.3626
85.0153
222.181
96.5312
92.1801
307.5127
77.6769
87.7652
190.2042
73.515
78.5826
135.3617
88.4593
68.3976
270.4787
69.3445
54.4099
311.1752
82.925
83.1653
249.3276
71.5549
96.6935
281.2038
67.9317
92.7989
208.5575
62.1557
82.7428
286.0518
51.4215
44.6362
158.1556
73.7753
94.119
216.1916
59.2352
83.3383
245.6024
47.9607
94.1545
263.9594
77.6642
65.3226
151.671
76.2684
77.3137
227.784
75.43
60.2913
272.4248
47.5574
68.6456
152.1503
74.7675
99.6412
172.282
63.8362
73.1875
224.8584
78.9246
46.0992
207.4789
87.1053
62.4409
217.5121
89.6904
102.6498
199.0469
102.8884
93.9653
211.8583
77.5126
96.6895
311.5073
48.5468
60.7093
165.5934
47.3764
87.3792
195.892
46.0397
67.935
250.5674
78.8789
48.3473
269.4189
51.5018
52.4783
157.9343
101.8568
77.2411
151.1736
61.8935
63.6359
188.7393
81.5002
99.1249
215.4985
68.0
96.1708
158.6757
79.1185
72.3738
320.4366
69.2505
79.7871
310.3075
43.6172
83.5284
131.5519
70.1638
96.9389
232.9271
103.2859
101.5412
187.7207
76.732
75.0088
199.4026
102.7027
102.9689
279.0861
73.7051
103.721
144.8657
103.4192
68.9468
274.2659
42.5533
45.1336
165.9044
73.6018
87.2174
228.1279
85.8492
59.6975
157.0466
71.9791
66.0765
262.9688
89.9389
97.6634
155.7541
104.2709
98.8518
276.781
45.0491
97.5715
245.8994
63.7579
70.433
142.4413
102.4148
47.6674
184.7534
99.79
58.4325
249.1243
44.6041
92.8493
149.8871
73.8296
47.7766
208.0235
69.9681
91.1771
206.078
77.0747
103.8979
186.5519
77.0445
102.0478
246.3049
74.8184
104.2333
134.6019
52.8112
95.8751
257.2312
100.4641
104.4147
289.1575
63.8973
52.5036
214.1951
68.5367
98.3858
271.5845
94.2394
104.6302
135.6639
102.1091
77.6746
193.2636
69.1954
90.2099
320.3549
85.7932
92.209
327.8856
51.8199
64.1805
169.7888
95.8385
62.3723
194.6984
43.8435
46.8566
328.9126
83.923
74.4642
142.2691
87.9005
83.0124
171.6139
48.9274
92.3566
280.9205
101.704
94.0007
150.4504
85.3385
51.915
281.9052
56.1765
81.24
300.723
77.9442
52.6898
302.5941
76.017
69.0403
218.1495
97.1538
44.4783
263.4899
68.8037
42.0322
204.829
75.6021
95.6052
134.7153
81.5163
76.4212
247.9334
60.6824
103.1734
276.779
71.2962
73.8907
269.6275
96.2905
42.1019
170.8927
43.3557
69.2488
241.0873
95.3588
44.4825
187.8888
48.1972
75.8285
210.1756
71.7125
53.662
279.8812
75.7084
101.2334
223.3292
57.3857
59.4865
157.2156
104.2604
73.2503
175.5246
89.8039
86.3325
142.9737
80.6537
56.643
97.369
93.6175
74.5969
64.0598
94.782
52.0249
79.234
49.1181
70.3792
76.0535
101.1523
70.8497
93.316
94.0489
84.7903
90.2923
81.4657
53.8474
54.5677
88.1248
70.0117
45.5701
82.6445
98.0316
50.8898
95.4403
57.3438
61.9528
81.4925
97.0008
74.0059
84.9684
76.4331
50.158
80.9978
43.4497
69.7991
77.7194
88.4429
67.369
84.9613
64.5553
70.2644
71.7555
48.3853
76.0084
66.9617
73.7729
91.4931
63.9557
52.4402
92.9129
56.6477
65.5441
49.6019
65.9423
89.9276
61.5931
56.6765
263.4863
54.6009
328.7327
47.0022
246.2103
68.6673
282.8517
97.7389
49.5771
86.0397
76.1674
63.7165
67.3123
75.5569
51.8659
48.8447
98.4633
93.134
81.058
162.2349
139.9776
220.7022
125.7274
289.369
173.4027
225.9974
131.6488
282.0057
305.8475
156.1913
227.4634
264.0071
264.713
177.8088
311.158
131.9533
123.2152
259.3839
149.7209
259.6398
290.0581
241.9144
282.8878
210.7357
200.9757
215.5722
303.0752
323.7605
323.285
179.7898
311.0168
314.4533
188.8477
281.5489
211.553
309.6551
323.3754
126.5822
176.7778
325.0559
159.7431
306.2782
281.0056
176.5793
290.9524
161.34
145.7081
305.7835
440.0678
197.7039
130.874
153.454
133.3647
272.8577
243.8466
188.5436
312.9371
159.5291
188.3725
235.7887
263.4408
306.725
141.0332
196.6837
80.064
309.3056
317.6113
185.0446
138.1171
148.665
132.2018
314.1221
135.4308
164.6667
225.6835
221.1473
282.1551
244.7458
219.6698
253.2965
212.3027
184.0405
259.239
178.3618
185.9074
138.5548
240.6203
189.8916
174.0106
183.6803
226.5694
302.2385
327.5219
172.9185
204.4199
317.8074
312.319
257.1219
317.7264
144.8579
250.9827
158.1342
200.0445
268.3159
126.276
312.1461
212.6983
240.5305
132.8867
222.6681
315.3869
291.4796
188.0375
310.1811
141.1668
171.3705
138.3531
174.039
237.7188
165.714
151.8372
303.5637
292.8689
218.1664
157.9659
280.0301
316.0828
179.4535
261.7507
202.3926
179.0858
243.4376
303.1461
197.4478
149.8854
259.8259
169.4012
141.6538
215.2838
239.1395
322.8533
317.0493
295.4653
247.3742
254.2563
239.6125
224.4292
239.2823
276.015
312.9987
167.9117
136.3899
184.6637
227.87
324.002
296.736
313.581
140.9992
304.9038
181.8831
221.275
308.9843
235.2307
244.9947
153.6029
128.7511
318.8466
207.7104
310.0047
323.0518
314.5719
253.1751
326.2357
149.8825
189.0759
179.886
303.1743
124.1496
242.9592
144.0212
90.0483
200.584
173.9773
54.4807
166.9892
205.0366
102.2423
134.6787
170.8101
82.5939
125.7932
145.9587
65.1822
245.6736
280.7792
86.9656
277.6207
149.4109
42.4577
312.545
327.097
90.9261
212.958
136.0316
79.812
321.8379
172.6353
86.8985
145.7908
284.0541
86.9161
261.1622
219.93
54.798
252.5237
295.2673
97.5911
299.6231
259.8767
92.3401
315.4103
275.2106
68.4368
223.4888
197.2115
93.7773
328.2511
251.1224
84.5138
300.8556
231.0864
71.0751
206.2762
240.5344
102.3842
170.8642
290.7972
194.1382
98.993
214.2973
252.547
181.3203
60.1153
171.353
349.4679
180.6388
46.8907
260.6662
364.6226
261.5455
50.7766
230.6281
300.6411
303.9172
61.2567
162.0206
307.2016
216.0537
72.2068
158.0691
243.4365
307.7728
74.7313
198.5304
393.4704
295.763
46.4472
150.3538
192.8678
193.5716
92.4478
220.5608
203.2226
176.5086
87.5308
299.2832
223.4414
218.3405
66.7188
294.3821
249.4732
275.9262
92.6387
137.7409
337.3135
315.9138
87.9568
213.1812
219.0591
242.2733
47.7954
216.9974
204.6124
322.7791
85.8719
304.3368
400.3372
142.5875
61.0177
138.0718
330.5381
175.7721
77.7397
247.4199
382.0876
247.0799
96.5872
283.3603
374.8473
124.2688
63.2829
290.8788
162.7317
302.162
92.8636
126.2435
332.3325
227.0222
67.4584
242.8705
299.9759
266.0055
90.8073
261.8828
165.9061
309.2932
92.1941
315.2004
209.9881
206.0315
79.1281
315.9173
250.8981
165.4241
68.8677
328.8291
224.2182
199.2294
96.7297
183.2715
232.1761
255.5023
45.0703
226.9088
214.9709
303.7035
77.866
152.7857
394.6985
312.2634
98.9484
154.8098
263.8413
309.3441
75.1794
262.8788
335.1092
123.8818
57.1669
272.0984
338.1206
263.0248
62.5369
314.9562
240.9828
217.7972
53.2858
306.9262
295.2841
137.2209
47.3332
168.7709
235.3315
222.2259
81.0945
150.7925
262.6683
152.4499
103.6785
201.4527
278.9805
149.5046
52.1952
165.1409
166.4481
225.431
79.6395
215.4121
242.4241
214.9157
55.88
128.7504
199.0225
156.3634
70.4502
281.8336
361.7689
212.1424
94.093
132.3819
328.9195
160.2203
56.3616
259.9669
216.3764
136.0019
92.0226
186.6426
240.3274
162.4583
80.5484
139.9276
328.8118
292.6051
55.6139
304.5261
352.3642
245.0398
90.2399
318.2192
370.7107
218.5919
74.0473
193.593
347.1932
148.1677
91.9931
142.6861
353.1705
314.5893
69.9742
216.2499
279.0938
316.6299
90.777
325.1088
259.2791
261.5421
98.0534
178.0885
291.5986
233.1523
54.2846
245.1533
343.3864
288.0634
55.0814
177.7474
396.8037
132.6599
96.6422
172.8842
368.7321
284.4546
74.7596
181.2549
229.9645
294.8419
83.4321
154.5533
410.0355
256.5418
60.89
185.3157
367.4833
197.9222
80.6987
129.8742
286.6593
307.9787
104.5453
207.5013
163.4005
280.0315
62.3536
132.4944
386.955
245.1633
81.5026
216.8066
258.4977
248.0806
78.1508
300.8752
279.4012
186.417
80.9875
169.5308
295.1221
285.5328
84.1461
272.2905
149.1414
312.5751
56.5181
160.9468
393.8418
231.9741
102.3125
262.1563
249.5341
213.6363
66.3944
136.7182
275.041
304.8797
68.7271
208.3999
325.321
191.6205
93.1251
307.5244
159.5655
187.4748
68.4976
210.0819
227.0259
133.2828
84.8345
165.8562
145.5263
156.0888
96.3481
184.9807
323.1916
269.832
58.4426
235.4424
185.3718
143.9008
72.5301
224.3507
384.0643
158.3027
57.1622
229.2671
174.3381
311.4747
103.4779
290.5646
233.3367
304.7289
85.605
321.6404
264.3857
153.9834
47.3762
220.8525
171.5564
188.7672
98.5396
137.2826
244.7331
230.5193
43.5576
227.8464
313.8113
302.9194
72.0952
205.8824
381.0959
146.3897
89.3977
285.1424
195.3005
215.0013
75.9537
176.091
276.7414
272.7968
103.1269
133.5918
333.3994
164.0074
91.8222
288.4125
157.4675
319.7989
99.7256
253.531
265.83
155.019
95.2306
297.9512
205.6158
289.9527
59.8213
285.6619
247.5438
252.3047
51.4455
183.4775
335.2275
327.5344
95.2558
292.7934
187.9287
259.2617
59.0451
232.7733
187.4528
149.7379
81.74
212.155
196.9475
321.3463
71.4459
205.7167
264.3214
239.7496
86.7649
315.494
207.8183
125.6419
91.4268
212.0681
361.9854
235.0967
101.6856
189.6656
230.8467
190.2125
48.4413
224.4187
375.5421
296.1688
59.648
187.9293
180.0173
135.8917
96.262
142.2616
306.5478
167.3106
65.7743
289.6603
156.9564
214.6536
68.25
314.6463
391.3306
170.3833
88.777
215.6879
267.8727
266.2157
56.292
214.3788
191.2122
182.196
79.9177
165.9717
188.0874
214.0209
63.1989
218.227
376.7484
320.7011
51.9802
155.8269
363.7623
289.2487
96.1072
169.0928
285.0968
318.3569
44.6751
304.4084
375.4349
253.0016
68.1785
189.6121
208.622
174.552
44.6432
154.6664
238.9704
234.3181
88.6375
204.1428
287.8467
198.4922
69.9775
305.4829
302.5399
291.1581
98.9438
239.6026
276.8593
253.4474
77.9302
212.2008
289.2339
179.011
96.6387
125.1176
228.2858
124.7575
63.2225
277.2565
245.9212
245.2733
62.1611
145.9416
335.9373
307.4948
100.1272
130.127
329.9612
299.046
42.6749
138.608
384.2407
295.1823
97.2397
291.3017
184.3805
155.4988
43.7011
127.775
392.5629
154.4663
57.6061
252.4907
327.1225
249.4496
88.0974
300.725
357.5375
304.1407
77.6281
270.7808
274.9787
146.3092
61.6783
226.9786
279.5041
236.4229
89.9094
217.9486
249.8125
246.0373
51.519
165.9857
386.1685
265.8781
63.9645
207.6432
249.684
285.2605
71.7358
147.3525
193.594
142.8924
71.4564
152.6489
250.4846
242.1994
103.2853
181.567
203.6328
162.0913
79.3818
193.9384
278.6924
236.5533
67.0771
272.6831
187.9068
147.6029
43.3707
286.7283
234.8566
187.9918
58.441
191.925
403.4476
194.5645
70.0202
164.2471
218.4197
254.4005
52.7432
258.6716
360.1048
299.7704
54.9283
127.4267
295.4892
238.5308
71.6933
306.7832
278.8316
185.8594
45.848
276.2293
326.1652
323.2001
51.6363
245.7305
262.9582
262.9412
76.1272
175.8187
267.0357
44.946
292.5177
213.557
61.2346
265.2915
372.5636
79.6785
123.8048
277.3651
47.7895
263.6466
351.0361
81.8198
283.4605
297.7643
83.1528
289.8213
294.6721
89.8643
180.0869
188.9744
95.613
151.3586
410.0133
103.4468
247.4306
384.6423
55.3354
302.7246
356.2824
55.039
242.7956
187.6224
94.1515
322.6205
184.2751
84.1862
204.3569
148.9948
92.3852
178.1473
291.2952
51.5849
220.3069
252.1316
60.7273
214.0667
392.14
103.6655
309.3993
408.1145
60.4572
190.3776
243.3237
84.9873
222.0214
147.3942
45.6536
283.2322
260.6241
79.5441
266.503
173.567
46.5392
208.6692
344.9665
99.7925
308.3392
167.6275
60.1266
254.5492
321.2505
103.2444
219.5174
285.9559
97.2651
204.8107
160.9462
84.6164
299.6324
288.3455
48.1683
153.1047
290.3765
85.733
243.1601
219.1179
82.2043
184.9362
288.1541
88.4645
173.6455
249.1546
66.0696
252.5899
333.1316
71.4188
192.9183
261.6744
78.4046
225.8317
315.6537
86.7437
240.3396
164.7798
90.1354
200.1633
321.3832
61.2493
174.8499
331.9754
94.5844
253.3206
287.3317
102.0044
326.8589
405.638
66.1647
268.8111
243.0976
77.1303
237.1841
361.1981
300.5084
148.0266
305.8269
229.2646
281.0056
165.8263
215.1421
275.2052
327.0376
181.1001
185.6204
280.7216
216.9369
213.6461
281.8202
214.1114
321.3966
365.5547
234.335
144.0435
204.9356
244.0218
297.2816
189.8768
185.306
139.0375
296.2969
178.9239
250.3118
176.8485
211.9089
322.4009
399.1088
122.7027
124.4047
394.7778
115.0775
144.6873
167.4979
213.41
271.1515
227.7639
117.0475
231.7273
248.9274
97.0194
164.0338
182.1706
204.6674
138.1562
317.5759
167.9011
138.3842
187.402
173.6428
132.7992
254.6268
151.2473
260.2317
392.091
225.1064
309.4866
389.3315
127.0942
273.8981
143.8843
222.4703
185.4029
167.2605
204.9817
194.6342
241.6777
193.1997
109.8571
298.4821
172.7586
293.7606
140.0989
165.9883
135.4071
247.2064
224.2864
191.5458
245.5859
325.8563
193.8123
191.6394
220.1557
269.5424
176.485
98.9494
314.9329
169.2571
239.9674
237.2113
129.7127
105.3245
259.2496
200.4214
98.8313
300.5831
320.2567
145.8722
287.8968
225.1031
120.7079
185.3937
196.7307
181.3609
221.5546
192.2759
170.9042
235.8514
239.0264
126.956
207.3149
231.5567
170.8864
176.9524
203.5421
228.287
184.2759
210.3931
123.6838
172.3969
178.1948
118.3902
212.5698
158.5679
166.2356
149.7361
248.7129
128.6429
198.949
68.4401
327.7629
234.5212
152.0982
99.7426
240.0059
225.0229
277.0702
81.2931
300.4072
198.1341
216.8037
64.3542
228.0004
207.9027
297.6555
97.9258
156.5462
217.7282
126.0801
50.9662
179.2879
167.789
261.8326
59.3924
247.9887
156.2197
204.3785
70.1326
176.9785
173.3028
278.5814
90.7896
246.6736
115.3366
135.3181
103.5909
277.9487
139.9895
172.4312
57.275
182.8526
175.8491
259.3843
51.3715
172.4496
125.5245
301.1187
96.9888
293.0531
188.0554
262.9427
70.7229
175.7887
156.5341
284.7921
82.6418
203.2796
104.7415
225.9058
85.4895
189.2928
98.2489
227.8487
74.2799
290.4176
170.8342
188.8871
95.3287
323.2668
116.2109
207.9904
61.4875
288.2991
169.9657
220.1798
94.9041
128.1563
189.2501
244.5846
81.0424
144.3903
158.168
130.3959
66.941
229.6263
210.952
125.9147
47.7819
150.5642
136.9172
300.1005
87.782
326.7672
126.8327
174.4075
101.1935
306.9173
107.7451
193.2783
95.8287
130.138
200.4421
166.4232
80.9915
165.0925
164.6377
244.9684
86.0055
185.8587
171.6125
266.6932
99.6908
243.0681
166.4391
296.902
60.1337
363.3125
284.6351
223.1775
312.0348
98.107
303.2174
166.4806
245.2003
162.7139
104.328
158.0303
155.4573
130.7812
212.511
91.5613
320.697
312.122
102.235
227.8584
77.5116
344.8002
224.5516
142.4043
314.0738
83.174
192.1984
174.7422
205.9208
324.5045
90.9591
201.978
139.085
165.3418
284.6143
82.7619
341.0036
163.7555
150.8742
202.8458
94.5912
380.3335
189.1732
217.1071
200.1997
82.468
236.2414
202.9361
207.2203
215.5721
75.128
174.1503
227.197
138.492
153.0074
54.8606
292.7448
200.6508
214.5346
321.1936
74.4902
278.3708
213.0757
101.411
218.7098
64.9858
239.4546
139.72
177.0273
176.3587
104.7861
204.855
209.6675
128.7345
233.3066
67.312
233.6133
286.1343
167.3917
180.2449
80.6339
251.4988
278.4616
118.5074
305.357
57.1431
227.5285
252.5058
145.0317
181.0247
75.7996
252.7498
287.9846
143.3608
198.9782
79.6508
265.0636
187.2912
172.5386
215.1346
78.4182
158.9558
258.0171
187.4173
261.5952
100.3125
188.17
272.6845
189.0642
262.1509
98.911
241.6449
246.9404
216.7473
244.4745
69.0159
337.8643
262.56
245.7922
232.2686
92.563
348.6227
198.8839
118.0697
165.7241
64.51
210.379
186.0954
222.5587
313.1662
103.8021
337.7273
303.3958
149.8419
292.363
89.4721
163.3068
300.5711
111.7246
178.1258
61.1939
375.9336
258.133
241.499
162.8639
68.144
150.6816
224.4049
97.9182
199.0773
48.0429
232.6657
256.5618
197.0968
217.3568
48.8583
259.2227
278.5355
216.9058
183.4004
68.4732
237.7627
152.3482
189.054
326.5021
50.001
285.399
327.8287
132.626
163.1854
76.185
341.3454
222.4269
177.5614
328.4302
88.9947
369.7234
161.9745
143.7442
205.8206
50.9074
244.3248
293.5777
238.3455
159.6012
104.8263
234.6617
225.3293
167.7181
220.5194
49.4552
242.0075
127.5808
162.0632
305.9252
70.4858
158.2864
197.0004
149.4587
155.2492
50.0913
153.2898
139.0077
140.2457
304.944
284.1006
59.2378
255.0593
153.7577
315.6971
91.6053
407.1607
160.7471
244.3635
241.7023
43.9161
370.0099
323.7144
178.6141
251.8713
235.6171
102.9394
256.2371
146.5877
300.5131
191.6729
54.4527
125.3998
155.7213
193.8461
154.0905
52.3285
139.8345
156.8862
218.9884
398.6168
59.3209
136.5855
112.3012
190.4095
239.8412
53.5647
146.0039
224.3021
148.2646
224.1217
98.0826
149.4546
207.237
312.0747
200.5328
67.9684
170.2529
241.0798
126.5963
368.0249
42.8467
170.9042
110.4408
228.39
200.6838
98.7774
207.6132
216.56
211.6527
219.8908
78.4165
293.311
138.3812
139.7751
248.5065
94.0504
124.6116
184.6819
177.6638
266.2503
88.5302
173.5753
131.8393
280.4892
396.7175
96.2513
137.1631
155.0799
280.6966
258.2297
86.4455
238.7714
149.7683
312.7768
331.6326
104.6776
316.7303
145.1177
251.9592
194.998
59.3767
197.6221
191.5215
233.9472
241.4208
81.8916
138.9399
176.092
235.2573
263.6533
82.6185
146.5802
100.9402
149.0363
353.418
46.1184
292.1389
141.9752
325.1458
211.5314
46.8713
204.8203
188.516
251.921
186.7225
97.3877
192.0753
201.5382
155.4975
78.5447
327.0625
306.4383
167.0853
300.1572
164.3579
68.8537
190.9289
145.9593
262.176
248.333
84.7702
243.8575
241.6654
282.4753
57.4088
244.0487
125.7079
108.9221
157.2516
202.6069
100.959
229.2969
214.8902
321.5787
88.0137
230.3041
198.9438
188.9397
173.2
296.3433
64.4623
236.3423
134.1834
250.6756
83.5802
178.6998
164.4863
159.8115
193.2129
208.6283
62.0518
267.5624
171.8513
150.7544
83.7913
163.4932
325.852
141.6666
205.0333
66.521
378.7603
163.8345
177.5784
299.9453
365.1805
84.1046
272.2801
204.3277
236.4719
253.074
101.4502
209.917
117.6467
169.0633
177.7308
104.607
207.6492
120.4407
133.3143
59.7379
272.2859
177.8733
210.2115
146.4925
56.6105
252.9838
135.4302
99.046
208.9995
322.1281
101.0028
183.4787
187.1921
249.549
379.5637
100.9473
216.569
231.4849
310.0151
225.5233
92.2634
177.7027
129.1563
177.1819
346.5096
53.2471
305.7758
100.5654
236.1645
54.758
195.7406
260.9703
106.7781
268.8844
234.714
64.0381
161.2542
141.9735
227.9354
396.1582
88.6347
129.0717
148.1758
142.7473
253.4227
78.7178
310.036
126.5918
149.314
317.1215
61.5437
198.4582
239.2084
310.1838
89.1938
311.7221
256.3536
219.6401
200.2122
98.1895
227.174
270.0886
119.5289
130.6863
213.3626
50.1783
171.9047
102.7151
243.8154
276.21
73.1601
150.0489
207.1356
151.4614
285.3903
47.3994
139.4551
172.592
192.7211
392.7296
56.2155
134.6567
192.9696
191.571
304.0784
87.9801
294.4333
104.147
151.771
325.2602
64.6797
315.6919
143.8086
296.6377
327.4987
43.4059
328.452
135.422
126.5245
297.7821
77.4343
316.4994
235.6994
232.8322
206.2538
88.597
152.9288
209.5214
318.8634
200.6244
82.038
310.9417
99.2262
256.0425
359.1779
62.2653
182.0632
154.9204
288.2371
218.7911
65.7399
291.2043
130.1813
191.34
214.4351
53.5728
212.6906
132.4456
289.4758
334.4562
61.5463
187.1687
219.2081
183.3456
360.9465
54.5807
204.2877
164.6476
272.3357
259.2239
62.0552
198.0712
126.623
290.3035
290.2481
94.1225
315.4332
217.8268
179.3536
399.4771
47.0325
151.2846
199.1735
185.7641
150.7368
60.908
242.072
242.3425
131.0297
342.7711
63.1044
285.8461
189.585
317.1527
185.2012
53.7117
201.214
228.0836
206.6363
387.7993
89.1466
173.5639
193.4375
286.2569
145.8603
74.8493
152.4054
97.5996
202.3403
189.1438
100.6236
246.6541
199.5681
271.1395
224.4695
69.6149
177.0856
107.1892
190.0838
370.6781
84.6612
234.5913
114.6096
170.2064
271.2354
63.8495
240.4294
227.4616
321.502
280.6497
97.8853
176.6139
134.5833
268.4109
196.3136
50.1042
225.5366
238.0772
139.759
221.3766
97.1607
243.7552
150.2039
240.8245
367.7445
79.3438
213.9604
108.5318
168.7027
408.0541
97.3769
147.7264
235.6038
296.2566
300.2073
72.5337
151.0628
97.2791
228.301
338.9963
85.2135
194.034
162.8414
129.1883
349.5063
62.6329
146.0701
145.1666
371.9606
64.3994
313.0262
155.6711
329.3397
85.2347
197.7491
178.9086
314.6514
43.2226
132.2332
217.0478
275.0708
96.7316
218.6672
316.4162
239.2932
47.0533
154.0571
215.4269
343.1673
43.7468
187.0421
306.7901
135.2829
343.1271
73.2812
138.1905
196.2148
293.1481
278.4783
46.4164
314.5138
154.8435
144.4032
250.2189
89.7411
286.9903
176.6087
208.8419
250.7503
69.4495
174.7036
277.7058
171.6087
373.2518
97.3107
136.28
169.9673
280.1355
217.0558
91.6369
273.3263
274.2382
269.0802
169.0227
94.2528
327.867
321.7511
139.2633
272.9161
83.4637
203.7823
367.5009
318.6058
170.7775
102.0247
282.2447
195.6201
175.067
384.3019
70.1094
295.1575
332.7534
237.5812
380.2117
102.2782
258.5917
381.4333
296.9959
387.6331
68.4478
170.2235
301.4545
185.0092
267.4698
99.8593
324.7722
351.2493
141.1069
257.7789
87.0472
187.4374
225.2621
149.5003
379.1454
59.8082
151.3362
335.3253
306.0639
376.0575
63.1699
204.9416
144.0334
155.2724
194.2815
96.3596
247.519
250.1184
293.1386
190.2366
51.7729
198.5643
185.8247
262.1506
268.3703
94.9425
313.2414
234.2843
154.2098
358.533
99.5073
261.8193
298.8916
153.5677
357.3532
90.1803
269.11
380.6784
285.764
337.6125
55.7185
193.9058
251.689
166.5638
221.6207
76.8907
256.4168
200.3551
192.8951
258.5905
76.4465
323.7084
168.8708
261.7864
162.0128
73.0855
225.1392
230.5679
137.3041
391.0314
57.4255
273.7977
263.2904
229.4903
215.8184
56.9713
139.9404
158.7698
313.2999
338.9488
75.0838
196.4294
300.0002
307.5381
156.7758
92.9486
186.1691
162.6129
229.7984
380.8056
71.5444
155.5449
400.2518
151.3994
299.0725
79.6125
151.8595
373.9484
152.3231
397.5139
43.6245
126.7712
237.4963
276.1515
157.3452
64.7523
251.7312
342.8268
279.005
408.435
42.8356
203.4209
121.2188
195.1982
146.5052
163.8165
118.9262
144.5395
190.2735
156.0867
201.8932
185.1131
245.2598
207.6544
132.6822
111.8921
231.6489
163.3213
184.5699
220.3569
140.2797
126.4417
246.0814
141.0805
167.9297
246.3312
159.2761
242.6447
216.9727
226.2237
199.4092
195.0302
220.8286
238.1134
166.7445
105.0769
217.8955
215.4086
230.6882
215.3275
220.1815
167.1543
178.0663
153.5259
148.6219
154.6717
239.2636
196.2514
195.0962
244.7957
206.0916
102.6347
97.4288
199.478
105.6518
102.8081
186.1833
135.36
175.1085
150.7067
200.8313
201.0051
205.1831
100.0472
225.9032
113.8157
125.3327
107.7694
200.9983
117.2472
126.9706
230.9427
104.0582
217.7652
150.7382
101.0922
207.0792
96.0812
183.735
238.1186
245.4621
226.5347
114.7599
228.4404
206.4744
194.0769
152.0191
110.7014
200.8186
146.1493
138.4013
215.3465
166.079
188.8315
208.3205
151.5797
105.8386
156.9735
157.2761
170.6791
169.5325
132.6108
96.6756
158.354
165.6297
234.7974
226.117
228.7922
226.5046
205.0776
201.2249
237.2547
99.3869
150.1529
95.2811
96.5348
188.0494
132.8887
179.2926
183.314
214.4175
132.637
117.785
169.4027
240.0584
153.942
120.5095
174.0685
192.53
245.0275
111.3996
143.1138
204.8439
222.0543
115.5121
242.0767
221.82
197.969
134.3359
204.888
174.8841
113.8523
235.7488
133.5316
176.8823
158.013
179.054
198.7125
176.761
97.6561
227.9236
134.2499
188.4825
99.7919
234.7255
100.8748
97.3226
190.1389
240.6103
138.3185
205.7172
155.1079
230.8807
164.044
230.1
168.5418
138.5663
200.6801
143.6963
193.7202
172.7731
190.1806
102.0118
112.2267
166.279
228.9396
119.7772
100.6084
208.9901
166.559
118.3859
221.3473
136.2753
155.6708
146.5584
100.841
187.9194
118.6454
188.6192
116.4433
122.836
216.7168
160.839
218.255
125.888
61.4638
149.4975
47.0245
173.3513
201.3268
85.1759
178.8521
97.1854
72.0428
157.1987
148.0783
102.0228
132.2966
204.1012
477.2344
85.5279
203.0701
209.8242
609.8882
44.0208
126.6245
130.1424
444.4821
72.9188
192.84
107.6766
306.1031
87.2318
119.7583
137.4537
302.9451
94.8667
158.2282
165.2955
293.1338
74.563
132.7487
104.1614
616.5906
85.6978
191.3971
118.8299
355.7319
99.7399
131.1354
176.7257
392.9754
71.9199
100.888
189.3195
480.444
83.5791
235.6661
245.0364
529.0064
88.5075
117.9426
247.4264
102.9714
95.3007
542.5388
64.1826
162.562
58.0666
161.2375
49.9943
207.2042
45.4417
150.7538
97.8928
246.3599
61.2701
246.531
82.8286
166.3222
73.2107
229.3624
65.7079
117.239
77.9371
245.0158
74.1114
242.5759
60.7719
107.2642
66.8386
213.7432
47.1438
230.7036
64.401
114.6248
90.9463
116.5476
69.3346
194.0846
93.172
131.7942
59.7949
183.6075
63.8367
237.1269
64.335
142.0745
59.1892
171.6177
60.0453
188.2497
80.5333
176.7641
62.3623
149.9004
56.6543
158.6024
87.815
240.5515
97.863
220.599
64.7951
218.7158
57.0225
183.7352
45.0883
162.0233
101.6309
107.658
96.4061
176.0141
96.0736
153.9852
57.4966
182.4387
45.5537
221.8093
85.6038
106.753
93.9377
188.1586
93.0713
173.0731
78.8343
150.6343
87.7624
161.1993
73.6435
139.6525
51.6859
96.3969
89.0769
191.682
102.7784
160.4631
64.762
196.5785
88.1986
136.1923
59.9906
175.578
76.7397
218.6889
65.4711
139.7229
66.0569
226.0621
50.0831
197.4539
63.3443
142.8742
74.1144
196.8138
77.8769
100.2989
63.2912
134.1682
95.4548
121.2822
91.0789
237.5619
79.2577
117.0846
98.2492
182.7858
88.9262
233.4195
70.5658
171.9465
99.8439
101.9878
48.6431
133.786
53.593
152.5458
69.5786
196.2128
54.3968
185.7283
87.8506
146.4669
83.053
145.6854
101.2022
177.0503
82.3869
200.1775
44.8161
208.016
51.6336
106.1086
96.9981
238.422
92.369
162.5636
73.8594
207.7138
96.6785
231.2527
84.0894
245.5117
101.1512
159.8497
85.8681
163.742
82.0402
157.0498
68.2599
174.2583
75.521
111.2545
86.0717
178.0624
97.4165
237.6321
75.1411
200.9468
79.0382
228.8833
51.3479
188.8365
94.916
185.3813
61.3125
144.3247
93.1578
146.439
74.7602
235.8545
55.9911
204.2932
52.8882
210.7103
94.6941
195.9815
71.7745
168.4428
81.6236
211.6237
65.9141
166.5656
42.3877
142.7037
59.3561
195.3172
66.4011
228.7874
71.6514
180.9986
71.0872
149.6937
81.8946
217.8527
81.8696
196.4757
96.5681
234.6666
73.8077
118.6517
70.657
182.2367
90.3
242.9643
58.6157
197.5473
72.6763
126.5298
65.2172
227.9761
82.7546
192.5779
91.1118
132.0483
86.5289
156.0646
44.0625
208.2254
50.0907
179.282
42.3071
111.9217
45.6677
244.1695
76.325
171.4059
93.2877
164.3695
67.4564
101.4543
68.0418
234.1579
73.3375
239.5835
50.2347
147.2114
87.9721
173.4012
103.8634
179.7642
72.4641
181.0754
47.8655
160.0399
65.9805
166.1321
50.4206
206.931
48.4026
228.7531
65.2765
239.7337
97.359
198.4579
68.5981
197.3338
89.9104
173.5106
74.2165
151.5726
98.0749
154.6086
92.3687
151.6093
94.6514
184.3676
71.0826
197.9321
71.4023
241.8284
58.2664
152.2566
103.6134
156.675
86.3104
226.8843
69.3405
201.0592
66.6028
100.1819
81.296
203.8932
83.7955
225.677
48.3083
109.1796
79.9397
196.8526
42.6173
234.4093
56.7314
146.0566
86.938
125.2697
103.0775
142.032
57.2392
240.8656
75.0025
142.4055
63.5442
219.3682
103.5734
223.0615
55.7601
231.4642
55.0172
161.6622
48.5905
200.1934
81.5495
213.661
70.9745
138.7198
46.6192
141.9933
100.2291
244.2941
83.3034
246.2137
51.1489
231.127
83.4627
139.1846
56.7377
191.1011
94.9823
107.507
99.0127
159.2131
44.9885
193.7222
61.427
162.3472
83.3329
133.8953
52.9135
125.4423
56.8882
245.5311
51.3435
238.3247
88.2892
231.8563
51.3367
105.4432
82.693
59.5487
47.8425
66.2254
98.9084
319.854
203.8627
156.932
320.3532
241.6181
275.4027
195.3486
197.0854
298.0967
125.4951
186.5549
204.9375
165.956
326.9353
161.7575
250.0238
246.9163
243.8124
139.9818
296.2897
270.7319
300.8476
263.5798
189.0022
216.4775
262.2869
316.5431
174.2953
153.1377
215.349
170.6199
157.7695
132.5022
241.227
232.2379
277.1468
237.3649
318.6459
139.2307
213.9798
270.0288
150.9737
136.3694
231.4158
214.1141
255.8885
288.6989
127.0152
130.6726
300.5984
313.6788
323.6253
209.6053
141.6185
135.1293
257.3078
255.3855
170.1
231.981
139.322
152.0868
241.7162
236.8301
221.1619
174.7152
178.1019
213.2985
137.6485
219.8459
294.8478
183.1973
285.0765
324.5655
205.0498
272.4967
187.4157
310.718
327.4126
137.0994
133.5673
305.4561
227.9085
243.4187
214.6747
181.0967
283.9904
162.7624
160.4892
283.2819
182.3596
162.5198
283.7898
254.4435
327.2885
223.1546
133.8585
175.5733
288.4981
292.0022
318.0098
215.2973
159.5894
228.8711
178.175
125.2554
192.0305
164.4501
283.5411
126.7847
249.6976
138.5188
160.2446
201.9084
216.9713
150.9642
219.1196
157.6292
227.387
316.601
156.5011
154.5269
197.8408
196.7967
317.0828
154.6613
213.3486
294.9022
147.829
245.7797
217.3621
256.4859
231.9425
296.8284
140.6371
263.3731
177.8854
283.7699
159.6585
162.4907
294.4566
152.7041
157.6186
140.5151
150.9223
147.2944
138.9508
163.326
305.2019
261.4983
258.4176
137.2649
299.1089
156.6034
155.7541
277.1971
233.6458
263.5669
170.8646
136.3799
259.3541
259.6609
216.5758
315.1343
144.7189
172.4216
325.943
153.3222
261.6284
299.9037
299.1123
161.6279
176.8873
256.2395
200.7367
230.6441
308.7862
129.5018
162.9467
312.763
159.7245
146.873
214.8769
177.8721
231.8885
186.1176
241.7456
199.8542
312.9842
266.3598
176.4901
186.8925
209.0247
267.1661
320.9566
272.5803
143.1722
214.9321
251.6445
262.8354
305.635
209.5744
327.0057
471.8956
395.708
425.0348
144.9685
444.7123
343.6216
385.9913
204.3092
324.5447
405.0953
327.6519
250.6737
468.6903
485.3973
479.1118
186.7262
372.7554
139.321
273.7364
169.2914
195.6925
118.6328
106.2157
246.9924
469.809
307.5753
142.9465
304.1689
469.4573
191.5703
239.0863
225.0076
327.6955
370.6197
137.4829
499.2843
229.8837
286.6299
232.6136
377.1107
110.7746
212.1437
202.0237
458.1931
282.8833
349.5173
137.2203
239.9718
127.9388
189.2249
427.2924
238.8541
305.6279
335.7633
390.5081
201.0448
260.4087
175.7663
265.6038
331.8078
244.2452
130.0087
114.5316
239.532
174.2539
201.4875
326.8949
426.5007
178.85
160.0517
415.2282
131.0525
462.0827
418.2668
180.8095
225.8223
215.8466
353.2025
229.6923
376.7472
209.6564
128.8308
118.6449
167.5286
187.6724
173.7219
110.6845
394.2336
141.0
472.0
359.0
245.0
274.0
326.0
335.0
427.0
381.0
189.0
263.0
351.0
215.0
338.0
438.0
475.0
240.0
214.0
397.0
290.0
407.0
430.0
159.0
138.0
457.0
210.0
114.0
212.0
128.0
223.0
123.0
237.0
414.0
460.0
471.0
109.0
460.0
409.0
314.0
290.0
256.0
373.0
223.0
142.0
310.0
110.0
218.0
343.0
175.0
112.0
281.0
290.0
318.0
444.0
499.0
380.0
430.0
473.0
103.0
193.0
187.0
186.0
102.0
227.0
181.0
217.0
203.0
498.0
265.0
228.0
119.0
389.0
278.0
415.0
133.0
292.0
315.0
493.0
359.0
254.0
273.0
299.0
211.0
254.0
309.0
208.0
322.0
442.0
268.0
184.0
139.0
436.0
470.0
284.0
178.0
328.0
172.0
261.0
130.0
319.0
262.0
218.0
311.0
185.0
416.0
142.0
118.0
417.0
278.0
461.0
281.0
235.0
454.0
180.0
295.0
366.0
450.0
342.0
117.0
449.0
366.0
434.0
411.0
270.0
329.0
484.0
242.0
223.0
379.0
393.0
368.0
497.0
192.0
282.0
380.0
306.0
225.0
364.0
253.0
183.0
190.0
454.0
145.0
198.0
472.0
390.0
239.0
424.0
289.0
355.0
490.0
430.0
154.0
121.0
497.0
431.0
253.0
282.0
328.0
394.0
267.0
271.0
139.0
246.0
308.0
140.0
319.0
427.0
211.0
459.0
227.0
329.0
287.0
500.0
478.0
473.0
298.0
434.0
357.0
150.0
231.0
117.0
492.0
348.0
481.0
265.0
475.0
499.0
212.0
190.0
287.0
273.0
440.0
460.0
448.0
151.0
243.0
121.0
106.0
210.0
186.0
139.0
258.0
377.0
415.0
127.0
326.0
108.0
365.0
436.0
263.0
290.0
496.0
453.0
122.0
425.0
464.0
184.0
109.0
136.0
347.0
163.0
368.0
292.0
175.0
435.0
412.0
136.0
268.0
344.0
414.0
443.0
124.0
276.0
473.0
382.0
339.0
298.0
451.0
431.0
366.0
398.0
452.0
462.0
346.0
269.0
146.0
333.0
371.0
304.0
226.0
231.0
328.0
335.0
467.0
461.0
308.0
114.0
495.0
394.0
165.0
184.0
366.0
263.0
129.0
221.0
267.0
115.0
104.0
339.0
466.0
137.0
127.0
470.0
111.0
417.0
310.0
210.0
327.0
108.0
199.0
287.0
296.0
158.0
224.0
478.0
443.0
390.0
124.0
250.0
326.0
266.0
138.0
187.0
152.0
404.0
156.0
262.0
166.0
392.0
325.0
294.0
179.0
112.0
129.0
406.0
428.0
325.0
483.0
377.0
300.0
465.0
490.0
349.0
410.0
450.0
247.0
224.0
186.0
403.0
333.0
225.0
140.0
312.0
403.0
292.0
171.0
370.0
217.0
251.0
389.0
179.0
445.0
491.0
309.0
126.0
405.0
154.0
496.0
421.0
166.0
261.0
215.0
391.0
211.0
365.0
348.0
313.0
489.0
441.0
54.0
49.0
53.0
52.0
61.0
55.0
53.0
59.0
57.0
46.0
49.0
49.0
47.0
50.0
59.0
59.0
43.0
46.0
43.0
47.0
45.0
60.0
61.0
42.0
55.0
57.0
62.0
44.0
52.0
56.0
63.0
51.0
63.0
59.0
60.0
50.0
59.0
50.0
53.0
59.0
46.0
58.0
54.0
46.0
60.0
46.0
61.0
53.0
44.0
60.0
63.0
55.0
45.0
60.0
49.0
57.0
55.0
45.0
59.0
63.0
52.0
335.0
59.0
301.0
50.0
320.0
52.0
356.0
46.0
263.0
57.0
262.0
61.0
247.0
50.0
261.0
42.0
354.0
47.0
350.0
49.0
324.0
59.0
318.0
42.0
282.0
54.0
271.0
58.0
301.0
46.0
239.0
51.0
382.0
58.0
314.0
58.0
310.0
51.0
272.0
47.0
277.0
44.0
266.0
49.0
251.0
50.0
234.0
58.0
256.0
58.0
335.0
49.0
277.0
60.0
289.0
49.0
283.0
61.0
312.0
60.0
361.0
63.0
306.0
49.0
345.0
45.0
243.0
43.0
243.0
48.0
255.0
43.0
240.0
53.0
275.0
53.0
258.0
55.0
328.0
50.0
272.0
63.0
369.0
45.0
277.0
62.0
296.0
48.0
263.0
49.0
322.0
47.0
238.0
54.0
351.0
53.0
291.0
43.0
365.0
51.0
283.0
46.0
344.0
60.0
311.0
60.0
323.0
55.0
372.0
44.0
284.0
57.0
346.0
43.0
328.0
63.0
381.0
46.0
333.0
60.0
324.0
44.0
241.0
62.0
376.0
49.0
273.0
61.0
311.0
61.0
343.0
58.0
248.0
49.0
320.0
61.0
276.0
46.0
256.0
63.0
360.0
56.0
268.0
59.0
303.0
53.0
254.0
62.0
330.0
51.0
283.0
63.0
381.0
48.0
343.0
55.0
273.0
52.0
243.0
62.0
323.0
44.0
304.0
50.0
265.0
63.0
360.0
61.0
371.0
53.0
332.0
45.0
362.0
63.0
344.0
55.0
337.0
53.0
274.0
63.0
306.0
53.0
237.0
60.0
236.0
59.0
357.0
47.0
363.0
48.0
309.0
58.0
240.0
48.0
280.0
63.0
290.0
63.0
274.0
57.0
348.0
63.0
316.0
62.0
318.0
52.0
317.0
46.0
247.0
56.0
265.0
42.0
320.0
62.0
329.0
49.0
239.0
62.0
241.0
62.0
297.0
56.0
363.0
55.0
325.0
47.0
266.0
50.0
329.0
42.0
292.0
47.0
279.0
57.0
361.0
42.0
342.0
46.0
250.0
53.0
309.0
62.0
371.0
59.0
369.0
47.0
308.0
53.0
316.0
52.0
374.0
44.0
288.0
47.0
276.0
55.0
342.0
61.0
284.0
50.0
378.0
55.0
324.0
50.0
237.0
55.0
299.0
62.0
294.0
47.0
237.0
57.0
272.0
55.0
273.0
58.0
306.0
44.0
320.0
49.0
360.0
48.0
260.0
56.0
282.0
62.0
343.0
49.0
256.0
57.0
351.0
48.0
371.0
269.0
289.0
448.0
221.0
432.0
224.0
258.0
172.0
265.0
143.0
111.0
219.0
355.0
141.0
361.0
184.0
326.0
497.0
290.0
344.0
176.0
221.0
107.0
376.0
465.0
385.0
176.0
381.0
157.0
172.0
419.0
114.0
324.0
288.0
392.0
283.0
119.0
331.0
386.0
431.0
154.0
400.0
384.0
147.0
320.0
270.0
480.0
309.0
452.0
357.0
165.0
391.0
447.0
337.0
350.0
165.0
110.0
175.0
266.0
229.0
220.0
330.0
280.0
443.0
398.0
343.0
283.0
177.0
276.0
169.0
428.0
154.0
387.0
310.0
166.0
172.0
280.0
258.0
490.0
251.0
493.0
337.0
293.0
116.0
482.0
440.0
251.0
170.0
403.0
379.0
380.0
109.0
219.0
193.0
223.0
244.0
138.0
135.0
121.0
100.0
434.0
426.0
203.0
412.0
114.0
261.0
419.0
276.0
282.0
137.0
113.0
364.0
135.0
162.0
165.0
444.0
298.0
455.0
180.0
206.0
220.0
452.0
489.0
149.0
213.0
454.0
405.0
122.0
304.0
152.0
280.0
409.0
398.0
488.0
203.0
133.0
254.0
303.0
460.0
294.0
147.0
415.0
315.0
189.0
165.0
201.0
351.0
495.0
257.0
431.0
194.0
437.0
136.0
177.0
186.0
349.0
118.0
208.0
460.0
456.0
287.0
168.0
338.0
436.0
482.0
357.0
384.0
318.0
332.0
297.0
105.0
152.0
471.0
100.0
146.0
348.0
357.0
269.0
449.0
123.0
316.0
250.0
119.0
162.0
431.0
449.0
161.0
338.0
312.0
218.0
444.0
430.0
119.0
264.0
459.0
165.0
454.0
448.0
306.0
229.0
480.0
283.0
452.0
408.0
319.0
131.0
240.0
383.0
344.0
231.0
177.0
434.0
219.0
383.0
233.0
372.0
269.0
243.0
448.0
111.0
256.0
387.0
272.0
471.0
273.0
381.0
313.0
253.0
361.0
257.0
413.0
191.0
113.0
310.0
190.0
351.0
171.0
274.0
169.0
423.0
434.0
338.0
432.0
225.0
101.0
113.0
242.0
444.0
156.0
289.0
243.0
147.0
480.0
320.0
440.0
182.0
226.0
347.0
349.0
260.0
458.0
345.0
414.0
361.0
372.0
147.0
174.0
110.0
317.0
379.0
350.0
164.0
204.0
270.0
377.0
268.0
335.0
113.0
119.0
157.0
173.0
248.0
429.0
364.0
247.0
152.0
235.0
292.0
407.0
110.0
413.0
156.0
163.0
233.0
131.0
204.0
319.0
182.0
477.0
181.0
101.0
136.0
240.0
139.0
169.0
261.0
107.0
233.0
109.0
423.0
405.0
301.0
205.0
500.0
106.0
473.0
500.0
233.0
153.0
461.0
373.0
370.0
500.0
293.0
312.0
106.0
475.0
119.0
443.0
341.0
316.0
188.0
351.0
338.0
442.0
455.0
257.0
344.0
187.0
384.0
392.0
406.0
220.0
224.0
173.0
493.0
192.0
278.0
175.0
324.0
161.0
451.0
299.0
295.0
338.0
272.0
361.0
175.0
393.0
232.0
201.0
429.0
140.0
143.0
111.0
472.0
422.0
154.0
355.0
226.0
448.0
217.0
265.0
489.0
353.0
382.0
127.0
273.0
239.0
153.0
265.0
364.0
381.0
288.0
243.0
126.0
183.0
277.0
400.0
196.0
362.0
328.0
318.0
127.0
202.0
181.0
457.0
237.0
156.0
229.0
165.0
313.0
193.0
493.0
175.0
412.0
181.0
492.0
172.0
144.0
442.0
113.0
276.0
391.0
195.0
468.0
160.0
278.0
146.0
295.0
372.0
158.0
239.0
325.0
291.0
111.0
274.0
153.0
320.0
497.0
439.0
384.0
435.0
461.0
141.0
219.0
230.0
483.0
132.0
164.0
231.0
334.0
173.0
239.0
460.0
424.0
223.0
151.0
261.0
221.0
497.0
352.0
345.0
143.0
218.0
200.0
150.0
402.0
464.0
268.0
269.0
174.0
251.0
220.0
137.0
305.0
135.0
151.0
310.0
323.0
212.0
348.0
259.0
495.0
177.0
390.0
234.0
261.0
100.0
179.0
455.0
114.0
256.0
432.0
273.0
418.0
407.0
428.0
450.0
405.0
196.0
332.0
330.0
289.0
224.0
438.0
192.0
427.0
420.0
346.0
314.0
213.0
173.0
466.0
180.0
313.0
264.0
120.0
435.0
105.0
194.0
351.0
363.0
154.0
160.0
311.0
425.0
113.0
162.0
470.0
469.0
188.0
476.0
370.0
332.0
114.0
433.0
240.0
108.0
149.0
335.0
496.0
244.0
136.0
471.0
251.0
274.0
248.0
195.0
112.0
149.0
279.0
247.0
258.0
274.0
274.0
106.0
492.0
368.0
427.0
360.0
217.0
397.0
345.0
247.0
468.0
297.0
301.0
235.0
459.0
318.0
306.0
215.0
159.0
423.0
346.0
235.0
178.0
200.0
309.0
384.0
434.0
285.0
467.0
220.0
226.0
354.0
287.0
339.0
399.0
102.0
102.0
402.0
190.0
115.0
248.0
259.0
202.0
436.0
256.0
467.0
127.0
337.0
269.0
276.0
216.0
281.0
335.0
357.0
184.0
314.0
221.0
271.0
194.0
46.0
175.0
464.0
349.0
51.0
163.0
247.0
158.0
58.0
226.0
436.0
409.0
44.0
135.0
243.0
231.0
60.0
415.0
205.0
202.0
62.0
220.0
313.0
154.0
45.0
233.0
100.0
338.0
57.0
238.0
446.0
424.0
63.0
467.0
271.0
186.0
43.0
127.0
398.0
45.0
487.0
497.0
56.0
102.0
129.0
59.0
492.0
125.0
49.0
122.0
60.0
104.0
380.0
50.0
56.0
44.0
57.0
62.0
63.0
53.0
57.0
49.0
50.0
54.0
51.0
50.0
49.0
57.0
57.0
44.0
62.0
56.0
42.0
57.0
55.0
207.0
48.0
192.0
56.0
47.0
56.0
45.0
50.0
61.0
59.0
49.0
45.0
63.0
44.0
54.0
51.0
53.0
57.0
42.0
55.0
51.0
46.0
51.0
53.0
60.0
63.0
52.0
50.0
60.0
63.0
45.0
61.0
47.0
60.0
46.0
60.0
60.0
50.0
60.0
42.0
57.0
55.0
54.0
49.0
63.0
52.0
50.0
42.0
45.0
52.0
63.0
57.0
61.0
53.0
60.0
45.0
59.0
58.0
55.0
47.0
45.0
63.0
47.0
59.0
115.0
53.0
54.0
145.0
53.0
57.0
118.0
44.0
51.0
55.0
61.0
103.0
125.0
142.0
120.0
97.0
353.0
352.0
316.0
277.0
250.0
238.0
323.0
300.0
326.0
280.0
366.0
297.0
365.0
316.0
255.0
319.0
264.0
362.0
112.0
105.0
145.0
101.0
44.0
58.0
55.0
57.0
58.0
49.0
61.0
42.0
58.0
51.0
62.0
43.0
53.0
458.0
437.0
235.0
105.0
297.0
445.0
143.0
445.0
440.0
341.0
317.0
396.0
102.0
388.0
467.0
422.0
417.0
131.0
248.0
260.0
471.0
282.0
197.0
